Sample,EIMMagnitude,EIMPhase,JointAngle,Mass,Time
1,39.5243,8.06756,0,0,1699437735
1,39.5243,8.06756,0,0,1699437735
1,29.2179,7.86163,0,0,1699437735
1,35.2863,9.91936,0,0,1699437735
1,38.8936,12.2803,0,0,1699437735
1,37.4131,12.7577,0,0,1699437735
1,35.6805,12.1595,0,0,1699437735
1,39.8815,8.09815,0,0,1699437735
1,43.6798,5.52479,0,0,1699437735
1,45.14,9.18404,0,0,1699437735
1,43.7457,12.5715,0,0,1699437735
1,37.5116,11.9393,0,0,1699437735
1,31.4707,11.0129,0,0,1699437735
1,30.4203,10.6803,0,0,1699437735
1,35.6475,9.95418,0,0,1699437735
1,40.3292,9.11823,0,0,1699437735
1,37.6478,8.50264,0,0,1699437735
1,36.1496,7.61126,0,0,1699437735
1,43.8895,7.214,0,0,1699437735
1,39.5243,8.17522,0,0,1699437735
1,50.8874,7.30715,0,0,1699437735
1,44.6698,5.32092,0,0,1699437735
1,40.9929,6.02755,0,0,1699437735
1,40.4144,7.34013,0,0,1699437735
1,41.1222,7.31436,0,0,1699437735
1,41.0178,6.81249,0,0,1699437735
1,41.7193,5.9654,0,0,1699437735
1,45.8032,5.98494,0,0,1699437735
1,47.6653,8.02472,0,0,1699437735
1,42.8685,9.35715,0,0,1699437735
1,36.3574,9.58011,0,0,1699437735
1,33.5153,12.983,0,0,1699437735
1,33.4807,8.06756,0,0,1699437735
1,33.1495,11.3798,0,0,1699437735
1,30.7642,5.79513,0,0,1699437735
1,39.5243,5.32147,0,0,1699437735
1,39.5243,7.18654,0,0,1699437735
1,36.655,7.09643,0,0,1699437735
1,46.2754,6.96026,0,0,1699437735
1,45.4428,10.4145,0,0,1699437735
1,38.1634,12.2557,0,0,1699437735
1,33.8523,7.9067,0,0,1699437735
1,33.7624,3.51633,0,0,1699437735
1,34.6204,4.54862,0,0,1699437735
1,33.5118,8.48141,0,0,1699437735
1,31.9481,10.6909,0,0,1699437735
1,32.9842,11.7515,0,0,1699437735
1,35.6592,14.5634,0,0,1699437735
1,40.988,8.06756,0,0,1699437735
1,47.4564,14.1014,0,0,1699437735
1,48.7139,11.272,0,0,1699437735
1,44.9932,9.64273,0,0,1699437735
1,39.5631,8.63833,0,0,1699437735
1,34.1558,8.90798,0,0,1699437735
1,33.1805,8.86114,0,0,1699437735
1,34.8009,8.60416,0,0,1699437735
1,34.5079,10.2339,0,0,1699437735
1,37.5223,9.08622,0,0,1699437735
1,42.7521,4.76111,0,0,1699437735
1,41.6241,3.11516,0,0,1699437735
1,38.113,3.49244,0,0,1699437735
1,39.1605,6.862,0,0,1699437735
1,42.1391,13.7187,0,0,1699437735
1,42.8501,8.06756,0,0,1699437735
1,40.7784,10.3819,0,0,1699437735
1,37.3294,10.0286,0,0,1699437735
1,35.0715,12.7213,0,0,1699437735
1,35.1332,12.2729,0,0,1699437735
1,35.8927,13.2912,0,0,1699437735
1,37.7145,8.06756,0,0,1699437735
1,39.1427,12.3853,0,0,1699437735
1,37.2735,7.50268,0,0,1699437735
1,36.3372,3.83896,0,0,1699437735
1,38.9167,4.91868,0,0,1699437735
1,40.5961,10.8096,0,0,1699437735
1,38.292,8.06756,0,0,1699437735
1,34.3932,8.06756,0,0,1699437735
1,34.7416,8.06756,0,0,1699437735
1,39.5253,14.4596,0,0,1699437735
1,42.4648,12.2351,0,0,1699437735
1,39.5469,8.68663,0,0,1699437735
1,33.7755,5.76011,0,0,1699437735
1,31.1997,3.24554,0,0,1699437735
1,32.7661,3.05249,0,0,1699437735
1,36.1799,7.21039,0,0,1699437735
1,38.5036,11.2335,0,0,1699437735
1,37.0214,10.7344,0,0,1699437735
1,34.562,7.40206,0,0,1699437735
1,35.0709,5.2258,0,0,1699437735
1,37.8448,6.64376,0,0,1699437735
1,40.8494,9.83814,0,0,1699437735
1,42.3354,12.5245,0,0,1699437735
1,41.6555,8.06756,0,0,1699437735
1,40.08,8.06756,0,0,1699437735
1,38.6713,8.06756,0,0,1699437735
1,36.4636,12.5948,0,0,1699437735
1,34.2207,6.49516,0,0,1699437735
1,36.9177,4.38416,0,0,1699437735
1,42.7113,6.30473,0,0,1699437735
1,43.4207,9.02754,0,0,1699437735
1,40.3831,10.8206,0,0,1699437735
1,37.6989,11.3091,0,0,1699437735
1,33.7635,10.5464,0,0,1699437735
1,30.1896,11.7628,0,0,1699437735
1,30.5814,13.6489,0,0,1699437735
1,34.7134,10.8571,0,0,1699437735
1,39.0427,7.12472,0,0,1699437735
1,40.7548,6.14871,0,0,1699437735
1,39.6224,6.46517,0,0,1699437735
1,34.7954,8.68767,0,0,1699437735
1,29.6042,11.086,0,0,1699437735
1,29.8773,10.9233,0,0,1699437735
1,33.0054,11.0859,0,0,1699437735
1,34.5717,12.8268,0,0,1699437735
1,36.1443,11.5915,0,0,1699437735
1,39.4483,9.33369,0,0,1699437735
1,43.0011,11.4807,0,0,1699437735
1,44.8675,13.9426,0,0,1699437735
1,45.7669,11.171,0,0,1699437735
1,46.7064,6.03687,0,0,1699437735
1,47.431,4.66126,0,0,1699437735
1,46.2877,6.41285,0,0,1699437735
1,41.6023,7.67073,0,0,1699437735
1,38.5284,8.63352,0,0,1699437735
1,40.4606,8.17391,0,0,1699437735
1,40.238,6.24178,0,0,1699437735
1,36.5488,5.7899,0,0,1699437735
1,37.9689,6.87369,0,0,1699437735
1,45.3324,7.93506,0,0,1699437735
1,49.5303,8.42216,0,0,1699437735
1,46.105,9.92897,0,0,1699437735
1,40.8327,12.5562,0,0,1699437735
1,37.739,11.5172,0,0,1699437735
1,36.9511,7.53271,0,0,1699437735
1,39.7561,5.24312,0,0,1699437735
1,42.1637,3.61042,0,0,1699437735
1,42.1611,3.20264,0,0,1699437735
1,44.7698,4.99763,0,0,1699437735
1,47.3158,6.82965,0,0,1699437735
1,43.3888,10.215,0,0,1699437735
1,37.2549,13.555,0,0,1699437735
1,37.5948,12.3072,0,0,1699437735
1,42.5748,8.53517,0,0,1699437735
1,43.6756,6.35518,0,0,1699437735
1,39.2812,6.20914,0,0,1699437735
1,32.6571,5.8167,0,0,1699437735
1,28.676,4.79562,0,0,1699437735
1,31.852,5.23925,0,0,1699437735
1,39.1066,6.6797,0,0,1699437735
1,42.873,7.34472,0,0,1699437735
1,40.5522,8.94987,0,0,1699437735
1,36.6473,12.8281,0,0,1699437735
1,35.0726,13.9068,0,0,1699437735
1,34.5576,9.57531,0,0,1699437735
1,33.3233,4.94526,0,0,1699437735
1,31.0333,4.96246,0,0,1699437735
1,30.7955,9.80911,0,0,1699437735
1,37.2575,12.6778,0,0,1699437735
1,46.2002,10.2947,0,0,1699437735
1,47.2726,8.8783,0,0,1699437735
1,41.8083,10.2136,0,0,1699437735
1,40.0128,12.5166,0,0,1699437735
1,41.1772,14.8594,0,0,1699437735
1,39.9518,13.2812,0,0,1699437735
1,38.4212,8.58495,0,0,1699437735
1,38.2052,6.43392,0,0,1699437735
1,39.0342,7.08991,0,0,1699437735
1,42.1497,7.16947,0,0,1699437735
1,45.6567,7.44605,0,0,1699437735
1,45.0147,11.4855,0,0,1699437735
1,40.6883,8.06756,0,0,1699437735
1,36.1508,8.06756,0,0,1699437735
1,32.4468,12.5193,0,0,1699437735
1,30.9653,10.9628,0,0,1699437735
1,32.1883,10.7669,0,0,1699437735
1,34.9028,9.85843,0,0,1699437735
1,38.1605,9.77736,0,0,1699437735
1,39.8646,8.53233,0,0,1699437735
1,41.4569,6.87453,0,0,1699437735
1,42.2934,8.40665,0,0,1699437735
1,38.5243,8.46295,0,0,1699437735
1,35.7917,5.2304,0,0,1699437735
1,38.9379,4.81828,0,0,1699437735
1,43.0979,7.0935,0,0,1699437735
1,43.2038,7.6379,0,0,1699437735
1,39.3068,6.87762,0,0,1699437735
1,35.6081,6.60748,0,0,1699437735
1,34.9842,6.75214,0,0,1699437735
1,37.5427,7.0749,0,0,1699437735
1,39.9713,6.63773,0,0,1699437735
1,38.1267,6.84511,0,0,1699437735
1,34.6171,9.68368,0,0,1699437735
1,33.2361,10.5997,0,0,1699437735
1,31.7344,6.93682,0,0,1699437735
1,28.6144,6.43853,0,0,1699437735
1,29.6179,10.6877,0,0,1699437735
1,34.263,11.3551,0,0,1699437735
1,35.6065,9.86857,0,0,1699437735
1,36.954,9.97643,0,0,1699437735
1,40.8553,7.46789,0,0,1699437735
1,41.1117,4.34474,0,0,1699437735
1,36.3173,4.65394,0,0,1699437735
1,32.2956,6.28547,0,0,1699437735
1,33.646,8.58622,0,0,1699437735
1,36.5104,11.7501,0,0,1699437735
1,37.7209,13.0284,0,0,1699437735
1,39.1098,11.9011,0,0,1699437735
1,39.4062,11.2835,0,0,1699437735
1,41.0665,10.6215,0,0,1699437735
1,44.3048,10.5253,0,0,1699437735
1,41.6032,13.9811,0,0,1699437735
1,36.8954,8.06756,0,0,1699437735
1,37.4395,10.9779,0,0,1699437735
1,38.7851,6.57299,0,0,1699437735
1,39.1862,6.30332,0,0,1699437735
1,40.3858,8.68025,0,0,1699437735
1,40.4661,11.2709,0,0,1699437735
1,41.1808,14.5193,0,0,1699437735
1,44.9803,8.06756,0,0,1699437735
1,46.9456,12.6016,0,0,1699437735
1,44.5818,5.57526,0,0,1699437735
1,41.1239,2.86887,0,0,1699437735
1,37.1962,2.16059,0,0,1699437735
1,35.7147,1.34212,0,0,1699437735
1,39.438,2.47542,0,0,1699437735
1,42.075,4.95785,0,0,1699437735
1,40.716,5.4232,0,0,1699437735
1,41.2728,3.92281,0,0,1699437735
1,43.3385,3.68614,0,0,1699437735
1,40.3467,4.55221,0,0,1699437735
1,35.9552,4.66252,0,0,1699437735
1,37.6683,4.5998,0,0,1699437735
1,41.1651,4.98957,0,0,1699437735
1,41.2447,5.8134,0,0,1699437735
1,40.1706,9.19602,0,0,1699437735
1,38.8534,14.7487,0,0,1699437735
1,36.5722,8.06756,0,0,1699437735
1,35.3645,10.0394,0,0,1699437735
1,38.8105,4.42497,0,0,1699437735
1,43.8175,2.78668,0,0,1699437735
1,43.2927,4.78004,0,0,1699437735
1,39.4751,9.80756,0,0,1699437735
1,38.6049,13.5833,0,0,1699437735
1,39.8555,14.8816,0,0,1699437735
1,39.7244,8.06756,0,0,1699437735
1,39.3852,8.06756,0,0,1699437735
1,39.6737,12.5566,0,0,1699437735
1,38.7276,6.48416,0,0,1699437735
1,38.6672,5.21994,0,0,1699437735
1,40.11,7.45421,0,0,1699437735
1,40.0224,10.9642,0,0,1699437735
1,37.3034,13.2534,0,0,1699437735
1,33.0601,11.2536,0,0,1699437735
1,32.6327,8.66353,0,0,1699437735
1,36.7253,7.8417,0,0,1699437735
1,38.0116,5.72806,0,0,1699437735
1,36.6771,5.21207,0,0,1699437735
1,37.7088,8.81548,0,0,1699437735
1,39.2066,11.5328,0,0,1699437735
1,38.3534,11.704,0,0,1699437735
1,34.4234,10.3078,0,0,1699437735
1,28.1059,7.52178,0,0,1699437735
1,39.5243,5.99881,0,0,1699437735
1,28.0603,6.10689,0,0,1699437735
1,35.959,6.16733,0,0,1699437735
1,39.3544,7.05368,0,0,1699437735
1,35.5669,8.19881,0,0,1699437735
1,35.159,7.05098,0,0,1699437735
1,42.2339,6.61203,0,0,1699437735
1,44.6887,8.98243,0,0,1699437735
1,40.2994,9.43697,0,0,1699437735
1,38.7999,7.72605,0,0,1699437735
1,38.8192,5.72806,0,0,1699437735
1,35.5215,4.33223,0,0,1699437735
1,31.0077,7.04254,0,0,1699437735
1,28.8159,11.3008,0,0,1699437735
1,30.9704,12.0106,0,0,1699437735
1,34.5583,10.8886,0,0,1699437735
1,36.6344,10.899,0,0,1699437735
1,39.0002,11.2629,0,0,1699437735
1,42.3382,10.1008,0,0,1699437735
1,43.7527,7.46388,0,0,1699437735
1,41.8413,5.03843,0,0,1699437735
1,38.8729,3.94183,0,0,1699437735
1,35.4886,4.21628,0,0,1699437735
1,34.1142,5.11548,0,0,1699437735
1,38.6935,5.2674,0,0,1699437735
1,42.8585,5.23424,0,0,1699437735
1,42.353,5.83836,0,0,1699437735
1,41.9689,5.81253,0,0,1699437735
1,41.0072,5.22615,0,0,1699437735
1,37.7425,4.77294,0,0,1699437735
1,34.7637,7.09237,0,0,1699437735
1,33.726,12.9628,0,0,1699437735
1,33.6435,14.3076,0,0,1699437735
1,33.0414,9.81908,0,0,1699437735
1,34.2904,7.73522,0,0,1699437735
1,38.5623,9.4937,0,0,1699437735
1,40.4053,10.7221,0,0,1699437735
1,34.9791,8.27638,0,0,1699437735
1,29.0616,5.62103,0,0,1699437735
1,31.8329,6.06906,0,0,1699437735
1,37.4599,6.25803,0,0,1699437735
1,38.8347,5.48862,0,0,1699437735
1,39.026,6.27088,0,0,1699437735
1,39.164,9.11132,0,0,1699437735
1,38.8363,11.6473,0,0,1699437735
1,41.9894,11.3578,0,0,1699437735
1,49.881,9.26908,0,0,1699437735
1,39.5243,7.12125,0,0,1699437735
1,49.7284,5.28765,0,0,1699437735
1,42.1755,3.84478,0,0,1699437735
1,37.3469,4.30225,0,0,1699437735
1,34.2058,7.49447,0,0,1699437735
1,33.6717,10.0011,0,0,1699437735
1,37.4253,8.83107,0,0,1699437735
1,42.0095,5.22318,0,0,1699437735
1,44.115,3.33218,0,0,1699437735
1,45.5838,4.91612,0,0,1699437735
1,45.5145,7.10713,0,0,1699437735
1,43.8272,8.39271,0,0,1699437735
1,43.1931,10.3705,0,0,1699437735
1,40.0156,13.4572,0,0,1699437735
1,34.0475,14.5236,0,0,1699437735
1,31.9106,12.649,0,0,1699437735
1,33.6346,10.3191,0,0,1699437735
1,33.6667,7.90898,0,0,1699437735
1,31.5015,6.84557,0,0,1699437735
1,31.0399,8.13959,0,0,1699437735
1,34.5027,9.05285,0,0,1699437735
1,40.2805,7.86273,0,0,1699437735
1,44.0799,6.69594,0,0,1699437735
1,43.9225,7.53357,0,0,1699437735
1,41.8063,8.20119,0,0,1699437735
1,40.8014,8.12266,0,0,1699437735
1,40.9009,8.65541,0,0,1699437735
1,39.3656,9.56451,0,0,1699437735
1,37.3036,12.0682,0,0,1699437735
1,38.3638,8.06756,0,0,1699437735
1,41.7566,14.4661,0,0,1699437735
1,43.2669,11.5837,0,0,1699437735
1,41.1518,14.2058,0,0,1699437735
1,34.8618,8.06756,0,0,1699437735
1,39.5243,8.06756,0,0,1699437735
1,39.5243,11.2392,0,0,1699437735
1,28.6438,11.3671,0,0,1699437735
1,33.4592,13.4418,0,0,1699437735
1,35.0444,11.1302,0,0,1699437735
1,41.9923,6.86849,0,0,1699437735
1,49.6317,4.86469,0,0,1699437735
1,48.2283,4.86459,0,0,1699437735
1,42.7002,5.10717,0,0,1699437735
1,38.7423,4.35824,0,0,1699437735
1,35.7974,3.79295,0,0,1699437735
1,34.886,6.96408,0,0,1699437735
1,35.5508,11.6139,0,0,1699437735
1,38.2537,12.0738,0,0,1699437735
1,44.0678,9.92069,0,0,1699437735
1,47.7093,10.6456,0,0,1699437735
1,45.5836,13.2075,0,0,1699437735
1,40.8823,14.2663,0,0,1699437735
1,37.9487,13.7564,0,0,1699437735
1,38.8549,11.0581,0,0,1699437735
1,40.6453,7.21341,0,0,1699437735
1,40.7279,4.95387,0,0,1699437735
1,38.9945,4.51346,0,0,1699437735
1,35.6058,4.92322,0,0,1699437735
1,37.1351,5.55798,0,0,1699437735
1,45.3455,6.06914,0,0,1699437735
1,49.2766,6.17915,0,0,1699437735
1,46.0981,5.67333,0,0,1699437735
1,42.6933,5.5611,0,0,1699437735
1,41.7835,7.63398,0,0,1699437735
1,41.8271,9.88969,0,0,1699437735
1,39.8853,8.47373,0,0,1699437735
1,36.4395,5.64337,0,0,1699437735
1,35.0739,6.82475,0,0,1699437735
1,37.9834,9.95445,0,0,1699437735
1,42.9649,8.75659,0,0,1699437735
1,43.1453,6.57368,0,0,1699437735
1,39.7418,8.44238,0,0,1699437735
1,42.1697,9.7005,0,0,1699437735
1,47.7728,8.37014,0,0,1699437735
1,48.1856,9.45378,0,0,1699437735
1,44.4834,11.8852,0,0,1699437735
1,42.7498,9.57302,0,0,1699437735
1,45.5563,5.98321,0,0,1699437735
1,46.405,6.55032,0,0,1699437735
1,44.0375,6.66222,0,0,1699437735
1,43.9959,4.80191,0,0,1699437735
1,42.786,5.16585,0,0,1699437735
1,37.701,8.17069,0,0,1699437735
1,32.4352,12.9463,0,0,1699437735
1,29.6797,8.06756,0,0,1699437735
1,31.8844,12.1177,0,0,1699437735
1,37.9235,6.83767,0,0,1699437735
1,40.1002,3.65428,0,0,1699437735
1,37.6114,2.29981,0,0,1699437735
1,38.6945,3.04917,0,0,1699437735
1,41.8761,4.06809,0,0,1699437735
1,41.1105,4.95569,0,0,1699437735
1,40.7956,6.02202,0,0,1699437735
1,44.0506,5.50922,0,0,1699437735
1,44.8802,4.97325,0,0,1699437735
1,42.222,5.69112,0,0,1699437735
1,38.9393,6.4775,0,0,1699437735
1,35.7838,7.46249,0,0,1699437735
1,38.2448,7.7615,0,0,1699437735
1,45.5435,6.20505,0,0,1699437735
1,45.9395,4.3756,0,0,1699437735
1,37.8959,4.98362,0,0,1699437735
1,32.4896,7.33795,0,0,1699437735
1,33.9687,7.7315,0,0,1699437735
1,36.2123,5.96468,0,0,1699437735
1,37.182,3.99486,0,0,1699437735
1,37.9199,3.63497,0,0,1699437735
1,38.3743,5.17076,0,0,1699437735
1,42.0184,6.54958,0,0,1699437735
1,47.0864,8.60552,0,0,1699437735
1,47.9341,9.73954,0,0,1699437735
1,44.7198,8.19931,0,0,1699437735
1,41.3976,9.18312,0,0,1699437735
1,40.7486,12.4074,0,0,1699437735
1,38.8905,12.8551,0,0,1699437735
1,32.4017,11.3096,0,0,1699437735
1,39.5243,10.6743,0,0,1699437735
1,32.2136,10.9786,0,0,1699437735
1,45.1754,9.66426,0,0,1699437735
1,50.7149,6.67094,0,0,1699437735
1,47.967,4.49743,0,0,1699437735
1,46.0879,4.68442,0,0,1699437735
1,44.8509,6.32821,0,0,1699437735
1,42.6068,5.80815,0,0,1699437735
1,40.3601,2.9529,0,0,1699437735
1,37.5802,1.3423,0,0,1699437735
1,34.8124,2.84238,0,0,1699437735
1,37.2941,6.84072,0,0,1699437735
1,43.9379,10.6436,0,0,1699437735
1,46.1799,12.2902,0,0,1699437735
1,44.2825,11.9136,0,0,1699437735
1,42.5847,9.7367,0,0,1699437735
1,42.6532,6.68065,0,0,1699437735
1,44.6792,5.29066,0,0,1699437735
1,45.8125,6.2941,0,0,1699437735
1,44.492,6.58522,0,0,1699437735
1,40.8164,4.81384,0,0,1699437735
1,36.4334,3.34925,0,0,1699437735
1,34.823,2.89788,0,0,1699437735
1,37.3881,2.36765,0,0,1699437735
1,41.1074,2.33828,0,0,1699437735
1,40.9923,4.51391,0,0,1699437735
1,39.0952,8.1934,0,0,1699437735
1,40.3765,9.63593,0,0,1699437735
1,42.2964,7.52254,0,0,1699437735
1,41.1662,4.41886,0,0,1699437735
1,39.1162,2.78136,0,0,1699437735
1,39.2456,4.43905,0,0,1699437735
1,41.2662,7.84183,0,0,1699437735
1,43.4698,9.26268,0,0,1699437735
1,43.7188,8.22842,0,0,1699437735
1,38.9202,8.04193,0,0,1699437735
1,32.6241,11.2174,0,0,1699437735
1,33.9112,12.2411,0,0,1699437735
1,39.1912,9.21281,0,0,1699437735
1,40.0534,9.68481,0,0,1699437735
1,40.4018,11.4915,0,0,1699437735
1,42.4301,8.29212,0,0,1699437735
1,43.4716,4.18724,0,0,1699437735
1,43.7486,2.95389,0,0,1699437735
1,41.8011,3.29383,0,0,1699437735
1,37.7151,4.22747,0,0,1699437735
1,33.7742,4.93051,0,0,1699437735
1,32.044,6.48802,0,0,1699437735
1,34.0324,10.0153,0,0,1699437735
1,36.7796,12.3459,0,0,1699437735
1,39.7285,11.6421,0,0,1699437735
1,46.6092,10.062,0,0,1699437735
1,39.5243,9.31515,0,0,1699437735
1,39.5243,8.76647,0,0,1699437735
1,48.0205,8.92191,0,0,1699437735
1,45.4003,11.8039,0,0,1699437735
1,41.8468,14.2043,0,0,1699437735
1,41.9263,12.5763,0,0,1699437735
1,46.4695,9.76584,0,0,1699437735
1,44.4205,7.47698,0,0,1699437735
1,37.1379,5.13591,0,0,1699437735
1,36.0915,4.27897,0,0,1699437735
1,39.5441,5.62667,0,0,1699437735
1,43.1351,6.81249,0,0,1699437735
1,46.0269,5.36756,0,0,1699437735
1,44.6206,2.78091,0,0,1699437735
1,40.2398,3.6869,0,0,1699437735
1,36.4352,7.56824,0,0,1699437735
1,34.7386,8.45676,0,0,1699437735
1,35.8454,6.69362,0,0,1699437735
1,37.2523,6.82677,0,0,1699437735
1,38.6965,8.98046,0,0,1699437735
1,41.8103,10.4194,0,0,1699437735
1,45.298,8.37082,0,0,1699437735
1,46.1516,6.28182,0,0,1699437735
1,42.3122,8.45636,0,0,1699437735
1,36.8343,10.4924,0,0,1699437735
1,36.0079,11.692,0,0,1699437735
1,40.6464,13.7155,0,0,1699437735
1,44.3949,11.2867,0,0,1699437735
1,43.4927,6.50749,0,0,1699437735
1,41.5842,6.87404,0,0,1699437735
1,42.9082,9.5106,0,0,1699437735
1,47.0614,9.39177,0,0,1699437735
1,49.5427,7.23285,0,0,1699437735
1,46.2926,4.27952,0,0,1699437735
1,39.8558,2.05264,0,0,1699437735
1,35.9671,2.05966,0,0,1699437735
1,34.8599,2.86862,0,0,1699437735
1,35.2638,2.83407,0,0,1699437735
1,36.8488,3.54308,0,0,1699437735
1,38.1352,6.73033,0,0,1699437735
1,41.4226,9.49525,0,0,1699437735
1,47.9673,9.58468,0,0,1699437735
1,39.5243,9.39223,0,0,1699437735
1,48.3674,8.95386,0,0,1699437735
1,41.8406,6.85607,0,0,1699437735
1,38.4679,5.32344,0,0,1699437735
1,37.5311,5.51862,0,0,1699437735
1,35.3413,5.09316,0,0,1699437735
1,33.5177,4.28199,0,0,1699437735
1,35.2438,5.76435,0,0,1699437735
1,39.0197,9.73062,0,0,1699437735
1,40.4073,12.7226,0,0,1699437735
1,39.2333,11.5399,0,0,1699437735
1,38.3878,10.4071,0,0,1699437735
1,37.3275,12.3993,0,0,1699437735
1,37.4867,11.5489,0,0,1699437735
1,42.4476,7.61299,0,0,1699437735
1,48.0855,6.47147,0,0,1699437735
1,47.7767,7.8098,0,0,1699437735
1,44.6738,8.35922,0,0,1699437735
1,45.756,6.96054,0,0,1699437735
1,46.7932,4.77223,0,0,1699437735
1,43.5158,3.64836,0,0,1699437735
1,43.4556,3.40894,0,0,1699437735
1,45.089,4.04996,0,0,1699437735
1,40.0867,5.67896,0,0,1699437735
1,34.503,6.32352,0,0,1699437735
1,33.3637,5.10762,0,0,1699437735
1,33.3796,4.49081,0,0,1699437735
1,35.6575,6.50768,0,0,1699437735
1,40.4654,8.05762,0,0,1699437735
1,43.616,6.16304,0,0,1699437735
1,43.9615,3.82447,0,0,1699437735
1,42.7674,3.68566,0,0,1699437735
1,40.2943,3.91777,0,0,1699437735
1,38.55,4.89107,0,0,1699437735
1,41.5841,8.14298,0,0,1699437735
1,47.7649,8.9733,0,0,1699437735
1,50.1685,5.72666,0,0,1699437735
1,48.3815,3.98523,0,0,1699437735
1,46.0205,5.4718,0,0,1699437735
1,44.1265,9.05307,0,0,1699437735
1,43.9361,12.3485,0,0,1699437735
1,44.6239,12.4464,0,0,1699437735
1,43.9195,10.462,0,0,1699437735
1,42.2532,8.85106,0,0,1699437735
1,41.3764,8.29217,0,0,1699437735
1,41.6878,7.11553,0,0,1699437735
1,42.2705,4.87598,0,0,1699437735
1,43.1163,3.19255,0,0,1699437735
1,44.2043,2.51875,0,0,1699437735
1,45.8295,3.07062,0,0,1699437735
1,48.2896,4.44281,0,0,1699437735
1,49.0443,6.24636,0,0,1699437735
1,47.7952,10.1894,0,0,1699437735
1,46.5649,8.06756,0,0,1699437735
1,43.9061,14.8181,0,0,1699437735
1,41.2441,8.49912,0,0,1699437735
1,41.4756,3.84235,0,0,1699437735
1,41.6084,4.56008,0,0,1699437735
1,40.8563,8.30401,0,0,1699437735
1,42.4031,9.3645,0,0,1699437735
1,46.8495,5.66524,0,0,1699437735
1,50.5418,3.53924,0,0,1699437735
1,48.7095,5.40194,0,0,1699437735
1,43.4355,7.24368,0,0,1699437735
1,40.7105,9.65247,0,0,1699437735
1,41.5587,12.8037,0,0,1699437735
1,42.732,12.2464,0,0,1699437735
1,43.1594,9.79769,0,0,1699437735
1,44.6819,9.85031,0,0,1699437735
1,44.6528,9.35054,0,0,1699437735
1,42.4172,6.95189,0,0,1699437735
1,42.8456,7.61379,0,0,1699437735
1,43.351,10.1222,0,0,1699437735
1,42.1504,7.85001,0,0,1699437735
1,43.7747,4.87805,0,0,1699437735
1,47.0596,7.48629,0,0,1699437735
1,47.3744,10.262,0,0,1699437735
1,43.0614,9.16419,0,0,1699437735
1,38.4282,7.12141,0,0,1699437735
1,38.012,6.45501,0,0,1699437735
1,39.2771,6.32784,0,0,1699437735
1,41.4071,5.07176,0,0,1699437735
1,44.0034,3.72479,0,0,1699437735
1,42.961,3.26899,0,0,1699437735
1,40.1946,3.24621,0,0,1699437735
1,40.6543,3.18821,0,0,1699437735
1,43.758,2.82827,0,0,1699437735
1,46.9286,2.95295,0,0,1699437735
1,49.4884,4.08137,0,0,1699437735
1,49.4889,5.70341,0,0,1699437735
1,46.7027,6.36324,0,0,1699437735
1,44.4441,6.77018,0,0,1699437735
1,42.6864,9.0352,0,0,1699437735
1,40.8406,11.1664,0,0,1699437735
1,38.9485,10.7307,0,0,1699437735
1,36.9608,9.33402,0,0,1699437735
1,37.9719,9.51103,0,0,1699437735
1,42.5194,10.0941,0,0,1699437735
1,46.9446,7.8769,0,0,1699437735
1,48.4641,4.56564,0,0,1699437735
1,45.9518,4.90535,0,0,1699437735
1,41.9046,7.99296,0,0,1699437735
1,41.0519,10.3246,0,0,1699437735
1,43.226,10.9695,0,0,1699437735
1,44.3279,8.47753,0,0,1699437735
1,44.9023,4.03447,0,0,1699437735
1,48.3738,2.44698,0,0,1699437735
1,39.5243,4.92284,0,0,1699437735
1,50.8987,8.35208,0,0,1699437735
1,50.2775,9.03098,0,0,1699437735
1,49.8897,6.55556,0,0,1699437735
1,47.0376,4.91842,0,0,1699437735
1,45.7072,7.78663,0,0,1699437735
1,45.6634,11.2893,0,0,1699437735
1,45.6729,10.4076,0,0,1699437735
1,48.0185,9.00314,0,0,1699437735
1,48.7086,8.52683,0,0,1699437735
1,46.3609,6.51033,0,0,1699437735
1,45.3418,5.34537,0,0,1699437735
1,43.9606,5.46382,0,0,1699437735
1,42.6364,5.63406,0,0,1699437735
1,45.6413,7.53197,0,0,1699437735
1,48.9866,10.1055,0,0,1699437735
1,47.6719,9.47543,0,0,1699437735
1,43.7627,5.57292,0,0,1699437735
1,41.3865,3.40102,0,0,1699437735
1,43.043,4.88292,0,0,1699437735
1,47.5165,7.17827,0,0,1699437735
1,50.9744,8.83075,0,0,1699437735
1,51.2329,9.48417,0,0,1699437735
1,50.6952,9.62559,0,0,1699437735
1,51.0255,9.69078,0,0,1699437735
1,49.469,7.85416,0,0,1699437735
1,45.4503,5.75051,0,0,1699437735
1,40.3838,6.52886,0,0,1699437735
1,37.7963,7.59052,0,0,1699437735
1,41.1291,6.55873,0,0,1699437735
1,44.8426,5.43011,0,0,1699437735
1,45.3289,5.16414,0,0,1699437735
1,48.0108,5.65751,0,0,1699437735
1,51.2595,7.74787,0,0,1699437735
1,47.7577,8.77422,0,0,1699437735
1,41.4038,7.28501,0,0,1699437735
1,40.1765,7.3067,0,0,1699437735
1,41.404,8.29667,0,0,1699437735
1,42.4862,7.49845,0,0,1699437735
1,46.1289,8.00637,0,0,1699437735
1,49.0316,11.1443,0,0,1699437735
1,48.6454,12.3172,0,0,1699437735
1,47.1404,10.2734,0,0,1699437735
1,45.1165,8.63314,0,0,1699437735
1,45.6088,7.05487,0,0,1699437735
1,48.2677,5.76785,0,0,1699437735
1,47.6112,6.34619,0,0,1699437735
1,44.3791,5.75827,0,0,1699437735
1,42.7368,4.44895,0,0,1699437735
1,45.4449,5.0116,0,0,1699437735
1,49.7888,5.83101,0,0,1699437735
1,50.6501,5.82385,0,0,1699437735
1,39.5243,4.96981,0,0,1699437735
1,39.5243,4.60548,0,0,1699437735
1,47.6567,7.95993,0,0,1699437735
1,46.4252,12.0449,0,0,1699437735
1,49.6677,10.4451,0,0,1699437735
1,46.6502,6.55504,0,0,1699437735
1,41.7633,5.68997,0,0,1699437735
1,45.178,5.11979,0,0,1699437735
1,49.3636,5.9289,0,0,1699437735
1,49.7978,10.527,0,0,1699437735
1,39.5243,12.4534,0,0,1699437735
1,39.5243,9.00666,0,0,1699437735
1,50.5404,5.71554,0,0,1699437735
1,44.1992,5.3088,0,0,1699437735
1,44.9241,6.64152,0,0,1699437735
1,48.5155,7.90929,0,0,1699437735
1,48.3511,8.63434,0,0,1699437735
1,46.4736,9.80155,0,0,1699437735
1,45.4481,9.68314,0,0,1699437735
1,46.1252,6.88332,0,0,1699437735
1,48.3772,4.12739,0,0,1699437735
1,47.2436,2.86612,0,0,1699437735
1,43.9347,2.92083,0,0,1699437735
1,43.1337,4.50563,0,0,1699437735
1,43.2119,5.29767,0,0,1699437735
1,45.2227,3.86783,0,0,1699437735
1,49.2113,3.47835,0,0,1699437735
1,51.2646,6.59331,0,0,1699437735
1,39.5243,9.35666,0,0,1699437735
1,39.5243,8.10492,0,0,1699437735
1,39.5243,6.51533,0,0,1699437735
1,39.5243,8.55918,0,0,1699437735
1,39.5243,11.8395,0,0,1699437735
1,50.1824,12.2064,0,0,1699437735
1,44.1131,10.7492,0,0,1699437735
1,38.9432,10.7057,0,0,1699437735
1,40.4344,10.0357,0,0,1699437735
1,48.8569,6.59312,0,0,1699437735
1,39.5243,3.61863,0,0,1699437735
1,39.5243,3.26679,0,0,1699437735
1,39.5243,4.38355,0,0,1699437735
1,39.5243,5.95284,0,0,1699437735
1,39.5243,6.49228,0,0,1699437735
1,47.3956,6.79799,0,0,1699437735
1,42.0639,8.82497,0,0,1699437735
1,43.0079,9.52802,0,0,1699437735
1,45.2962,7.07387,0,0,1699437735
1,44.8006,4.42907,0,0,1699437735
1,44.2925,3.0672,0,0,1699437735
1,46.0949,2.36323,0,0,1699437735
1,47.2848,3.03954,0,0,1699437735
1,47.1789,5.29263,0,0,1699437735
1,48.0574,6.46538,0,0,1699437735
1,49.3089,6.74968,0,0,1699437735
1,50.8642,8.6998,0,0,1699437735
1,39.5243,10.4283,0,0,1699437735
1,50.6476,9.83563,0,0,1699437735
1,48.9139,9.00715,0,0,1699437735
1,39.5243,8.03057,0,0,1699437735
1,39.5243,5.25304,0,0,1699437735
1,39.5243,3.60381,0,0,1699437735
1,39.5243,4.16649,0,0,1699437735
1,49.9742,3.58759,0,0,1699437735
1,44.2848,3.26515,0,0,1699437735
1,40.2735,5.18195,0,0,1699437735
1,39.3759,5.97261,0,0,1699437735
1,40.6836,5.04696,0,0,1699437735
1,42.5302,4.66326,0,0,1699437735
1,43.6384,4.63859,0,0,1699437735
1,46.3708,4.57505,0,0,1699437735
1,50.7682,4.6167,0,0,1699437735
1,50.1086,6.2701,0,0,1699437735
1,44.5215,9.31158,0,0,1699437735
1,41.5035,10.2534,0,0,1699437735
1,42.1976,9.51722,0,0,1699437735
1,42.4675,8.46858,0,0,1699437735
1,41.3153,6.02572,0,0,1699437735
1,40.5936,3.99744,0,0,1699437735
1,39.8446,4.25188,0,0,1699437735
1,37.5522,4.88617,0,0,1699437735
1,36.454,4.82109,0,0,1699437735
1,39.9679,5.47075,0,0,1699437735
1,43.5611,7.02296,0,0,1699437735
1,41.7299,7.54216,0,0,1699437735
1,39.5706,6.2425,0,0,1699437735
1,41.6241,6.74389,0,0,1699437735
1,43.6657,10.1483,0,0,1699437735
1,44.8754,10.3232,0,0,1699437735
1,48.7578,6.58355,0,0,1699437735
1,39.5243,5.27618,0,0,1699437735
1,39.5243,6.44042,0,0,1699437735
1,50.2022,6.02451,0,0,1699437735
1,48.2159,4.59547,0,0,1699437735
1,47.0377,4.19222,0,0,1699437735
1,45.0064,4.14222,0,0,1699437735
1,41.472,3.14274,0,0,1699437735
1,40.4073,2.27522,0,0,1699437735
1,43.4469,4.10513,0,0,1699437735
1,47.7209,7.74326,0,0,1699437735
1,48.866,9.82009,0,0,1699437735
1,46.3259,8.89068,0,0,1699437735
1,44.9745,6.10372,0,0,1699437735
1,45.1548,4.41892,0,0,1699437735
1,44.7797,5.4096,0,0,1699437735
1,45.726,7.38251,0,0,1699437735
1,47.968,8.25042,0,0,1699437735
1,50.0849,7.44661,0,0,1699437735
1,50.6453,4.92643,0,0,1699437735
1,49.2335,2.14363,0,0,1699437735
1,47.666,8.06756,0,0,1699437735
1,46.4677,2.18638,0,0,1699437735
1,47.8618,6.6255,0,0,1699437735
1,49.7924,11.9424,0,0,1699437735
1,46.4788,11.1775,0,0,1699437735
1,42.0529,5.8149,0,0,1699437735
1,40.6824,3.94839,0,0,1699437735
1,41.993,6.56027,0,0,1699437735
1,45.7911,7.75969,0,0,1699437735
1,47.9937,5.16843,0,0,1699437735
1,47.7683,3.57702,0,0,1699437735
1,47.7574,6.40636,0,0,1699437735
1,46.5296,9.13754,0,0,1699437735
1,44.8328,7.23537,0,0,1699437735
1,45.1089,4.49872,0,0,1699437735
1,44.7135,5.23429,0,0,1699437735
1,42.1865,7.40266,0,0,1699437735
1,40.1998,7.96767,0,0,1699437735
1,40.6217,8.25208,0,0,1699437735
1,42.3478,10.1144,0,0,1699437735
1,41.9715,9.92043,0,0,1699437735
1,39.7677,6.90377,0,0,1699437735
1,40.0838,5.33945,0,0,1699437735
1,42.3362,4.8695,0,0,1699437735
1,42.5691,4.50025,0,0,1699437735
1,41.8772,4.98909,0,0,1699437735
1,42.3653,5.39906,0,0,1699437735
1,43.8929,4.91833,0,0,1699437735
1,47.3567,3.97787,0,0,1699437735
1,39.5243,3.51735,0,0,1699437735
1,39.5243,3.9585,0,0,1699437735
1,47.9298,6.95593,0,0,1699437735
1,42.7086,10.4384,0,0,1699437735
1,37.6183,9.93079,0,0,1699437735
1,34.8112,8.70811,0,0,1699437735
1,33.6888,8.3065,0,0,1699437735
1,33.0263,5.3042,0,0,1699437735
1,37.5145,4.14972,0,0,1699437735
1,44.559,8.31537,0,0,1699437735
1,46.7507,10.6989,0,0,1699437735
1,44.3821,8.36275,0,0,1699437735
1,39.6246,6.52141,0,0,1699437735
1,35.6438,5.89744,0,0,1699437735
1,33.4441,5.72551,0,0,1699437735
1,32.6344,8.09095,0,0,1699437735
1,36.6319,10.0513,0,0,1699437735
1,41.9221,8.61896,0,0,1699437735
1,40.6194,7.91811,0,0,1699437735
1,36.2565,8.51239,0,0,1699437735
1,37.1798,6.13231,0,0,1699437735
1,43.7708,4.74128,0,0,1699437735
1,51.0884,8.6477,0,0,1699437735
1,39.5243,10.572,0,0,1699437735
1,47.6302,7.07354,0,0,1699437735
1,41.1214,4.27246,0,0,1699437735
1,40.5239,4.09405,0,0,1699437735
1,42.8719,4.72772,0,0,1699437735
1,43.2624,5.86717,0,0,1699437735
1,39.889,7.92524,0,0,1699437735
1,37.0967,9.35804,0,0,1699437735
1,40.4929,7.55382,0,0,1699437735
1,44.9616,6.12724,0,0,1699437735
1,44.9845,8.19919,0,0,1699437735
1,42.4575,8.57047,0,0,1699437735
1,38.5482,6.09447,0,0,1699437735
1,36.2251,7.23693,0,0,1699437735
1,38.7384,11.7154,0,0,1699437735
1,41.6395,12.4977,0,0,1699437735
1,41.3457,9.79273,0,0,1699437735
1,41.8888,8.32965,0,0,1699437735
1,43.5951,7.30801,0,0,1699437735
1,42.895,5.71787,0,0,1699437735
1,42.8268,6.63722,0,0,1699437735
1,45.1057,9.81948,0,0,1699437735
1,45.4343,11.3452,0,0,1699437735
1,43.5199,11.0941,0,0,1699437735
1,40.7491,10.7909,0,0,1699437735
1,38.2354,9.14855,0,0,1699437735
1,38.1591,6.37784,0,0,1699437735
1,37.8812,5.99165,0,0,1699437735
1,35.2188,8.20178,0,0,1699437735
1,35.174,10.2444,0,0,1699437735
1,40.2909,10.6406,0,0,1699437735
1,43.703,7.99228,0,0,1699437735
1,41.6404,3.65801,0,0,1699437735
1,39.188,2.83887,0,0,1699437735
1,38.2415,6.49281,0,0,1699437735
1,38.0639,9.60099,0,0,1699437735
1,38.2931,9.28897,0,0,1699437735
1,39.7294,7.02193,0,0,1699437735
1,43.3755,4.82252,0,0,1699437735
1,43.1946,3.61661,0,0,1699437735
1,38.204,2.53399,0,0,1699437735
1,36.3891,2.38387,0,0,1699437735
1,39.1579,6.35272,0,0,1699437735
1,40.6874,11.2368,0,0,1699437735
1,38.0275,11.0062,0,0,1699437735
1,35.3714,8.24651,0,0,1699437735
1,36.486,7.66416,0,0,1699437735
1,40.0342,7.37954,0,0,1699437735
1,42.1496,5.47695,0,0,1699437735
1,40.6479,3.67729,0,0,1699437735
1,38.8631,3.32591,0,0,1699437735
1,38.3666,4.25661,0,0,1699437735
1,36.9531,5.67663,0,0,1699437735
1,35.8658,6.73863,0,0,1699437735
1,37.3969,6.26853,0,0,1699437735
1,40.8673,4.82285,0,0,1699437735
1,44.042,5.9055,0,0,1699437735
1,43.8535,8.51048,0,0,1699437735
1,41.8878,9.15564,0,0,1699437735
1,43.2424,10.5066,0,0,1699437735
1,44.999,12.3593,0,0,1699437735
1,43.0243,11.1178,0,0,1699437735
1,40.942,8.55449,0,0,1699437735
1,42.9123,6.53322,0,0,1699437735
1,46.0678,5.98715,0,0,1699437735
1,44.2865,7.03776,0,0,1699437735
1,41.5101,6.51974,0,0,1699437735
1,43.41,4.22508,0,0,1699437735
1,45.3169,2.761,0,0,1699437735
1,45.3354,2.85181,0,0,1699437735
1,45.025,4.64599,0,0,1699437735
1,43.1315,6.94076,0,0,1699437735
1,41.1426,9.48597,0,0,1699437735
1,40.0274,13.3127,0,0,1699437735
1,38.8452,13.8841,0,0,1699437735
1,39.0959,9.42712,0,0,1699437735
1,40.3792,5.67069,0,0,1699437735
1,41.9092,4.82882,0,0,1699437735
1,44.4152,6.04497,0,0,1699437735
1,44.379,6.98907,0,0,1699437735
1,40.6185,5.76552,0,0,1699437735
1,39.2424,4.65039,0,0,1699437735
1,42.424,4.7866,0,0,1699437735
1,43.9076,5.17178,0,0,1699437735
1,41.7107,4.36904,0,0,1699437735
1,40.6429,3.22708,0,0,1699437735
1,40.6129,5.30291,0,0,1699437735
1,41.3075,8.09086,0,0,1699437735
1,44.1132,7.26208,0,0,1699437735
1,44.2395,5.15991,0,0,1699437735
1,40.4149,5.08827,0,0,1699437735
1,38.7917,6.83437,0,0,1699437735
1,41.3768,7.68318,0,0,1699437735
1,42.3126,6.19068,0,0,1699437735
1,39.6419,4.15936,0,0,1699437735
1,39.9166,3.79884,0,0,1699437735
1,44.0619,4.52981,0,0,1699437735
1,46.9724,5.15226,0,0,1699437735
1,46.7162,5.86262,0,0,1699437735
1,45.218,6.32499,0,0,1699437735
1,45.7194,8.84573,0,0,1699437735
1,46.6038,13.3684,0,0,1699437735
1,46.2617,14.5639,0,0,1699437735
1,46.5105,12.1943,0,0,1699437735
1,44.3824,8.664,0,0,1699437735
1,39.7449,5.61077,0,0,1699437735
1,38.5223,5.40229,0,0,1699437735
1,40.8792,7.13572,0,0,1699437735
1,42.2518,8.56995,0,0,1699437735
1,40.4931,9.47027,0,0,1699437735
1,36.9074,9.68589,0,0,1699437735
1,34.0367,8.10657,0,0,1699437735
1,33.6959,5.55024,0,0,1699437735
1,36.0707,4.40486,0,0,1699437735
1,37.2666,4.53828,0,0,1699437735
1,37.0425,4.4525,0,0,1699437735
1,40.186,5.19273,0,0,1699437735
1,42.1272,6.95065,0,0,1699437735
1,37.7286,7.26189,0,0,1699437735
1,34.4685,6.42004,0,0,1699437735
1,37.4723,6.29969,0,0,1699437735
1,40.9315,6.34969,0,0,1699437735
1,39.6346,5.28732,0,0,1699437735
1,37.7799,4.10105,0,0,1699437735
1,41.0278,5.26961,0,0,1699437735
1,46.161,7.66265,0,0,1699437735
1,48.7001,8.32513,0,0,1699437735
1,48.9316,7.29992,0,0,1699437735
1,48.5123,5.36205,0,0,1699437735
1,47.6214,4.09293,0,0,1699437735
1,46.5024,5.16043,0,0,1699437735
1,46.3917,7.74547,0,0,1699437735
1,43.7914,9.28785,0,0,1699437735
1,36.9213,8.62472,0,0,1699437735
1,33.5266,8.67227,0,0,1699437735
1,37.5697,9.62199,0,0,1699437735
1,43.6559,9.40307,0,0,1699437735
1,46.8726,10.6204,0,0,1699437735
1,47.1637,13.4233,0,0,1699437735
1,43.3582,14.0401,0,0,1699437735
1,36.9369,12.385,0,0,1699437735
1,37.2523,11.5139,0,0,1699437735
1,45.9952,10.6319,0,0,1699437735
1,39.5243,7.46608,0,0,1699437735
1,49.1269,5.64824,0,0,1699437735
1,42.7404,7.61682,0,0,1699437735
1,39.2979,9.65809,0,0,1699437735
1,38.6665,8.56556,0,0,1699437735
1,42.6866,5.10059,0,0,1699437735
1,47.5571,2.59036,0,0,1699437735
1,46.3165,3.57933,0,0,1699437735
1,42.9271,7.56717,0,0,1699437735
1,40.0559,11.5514,0,0,1699437735
1,37.6082,12.1218,0,0,1699437735
1,39.3805,8.4314,0,0,1699437735
1,42.133,4.28764,0,0,1699437735
1,41.8398,3.06746,0,0,1699437735
1,41.9326,4.31196,0,0,1699437735
1,42.4739,6.473,0,0,1699437735
1,41.4894,8.22522,0,0,1699437735
1,41.4227,8.64572,0,0,1699437735
1,44.1775,6.48118,0,0,1699437735
1,47.2277,3.28695,0,0,1699437735
1,47.0974,3.86621,0,0,1699437735
1,44.5718,6.90271,0,0,1699437735
1,42.9982,6.92931,0,0,1699437735
1,43.1448,4.84271,0,0,1699437735
1,45.2677,4.01251,0,0,1699437735
1,47.7859,3.62486,0,0,1699437735
1,45.3,3.13368,0,0,1699437735
1,39.212,3.60983,0,0,1699437735
1,36.9928,4.08164,0,0,1699437735
1,40.554,4.12703,0,0,1699437735
1,45.8384,5.04347,0,0,1699437735
1,45.607,6.67934,0,0,1699437735
1,40.7649,6.97542,0,0,1699437735
1,42.7868,5.64484,0,0,1699437735
1,50.2837,5.32402,0,0,1699437735
1,49.752,6.72827,0,0,1699437735
1,42.153,7.55322,0,0,1699437735
1,38.2248,7.56657,0,0,1699437735
1,37.6758,7.84573,0,0,1699437735
1,36.6172,7.08466,0,0,1699437735
1,37.3953,6.23885,0,0,1699437735
1,40.0631,7.44864,0,0,1699437735
1,42.0745,7.97602,0,0,1699437735
1,42.0609,6.59709,0,0,1699437735
1,41.3117,5.1928,0,0,1699437735
1,44.3926,3.54801,0,0,1699437735
1,49.5536,2.71103,0,0,1699437735
1,50.5295,3.95273,0,0,1699437735
1,48.6136,5.06441,0,0,1699437735
1,47.2154,4.36126,0,0,1699437735
1,43.8261,3.96766,0,0,1699437735
1,38.7534,6.0631,0,0,1699437735
1,37.6221,7.87273,0,0,1699437735
1,41.0433,7.13083,0,0,1699437735
1,45.7311,5.93026,0,0,1699437735
1,49.1286,4.14841,0,0,1699437735
1,48.9991,2.64201,0,0,1699437735
1,45.6661,4.45538,0,0,1699437735
1,41.9967,6.29824,0,0,1699437735
1,40.5857,4.50372,0,0,1699437735
1,40.7506,1.99612,0,0,1699437735
1,40.86,2.5968,0,0,1699437735
1,41.4333,5.68827,0,0,1699437735
1,42.2774,7.61891,0,0,1699437735
1,43.9234,7.45054,0,0,1699437735
1,45.3852,6.26064,0,0,1699437735
1,42.8565,5.49748,0,0,1699437735
1,40.3447,6.23365,0,0,1699437735
1,42.4387,6.64613,0,0,1699437735
1,45.0825,7.28081,0,0,1699437735
1,46.721,8.49623,0,0,1699437735
1,47.2902,7.48472,0,0,1699437735
1,45.6252,6.46155,0,0,1699437735
1,45.4305,8.68072,0,0,1699437735
1,47.6122,12.3292,0,0,1699437735
1,47.4487,13.0043,0,0,1699437735
1,44.8927,9.14987,0,0,1699437735
1,43.7843,5.33213,0,0,1699437735
1,45.3782,4.41107,0,0,1699437735
1,50.6025,4.4562,0,0,1699437735
1,39.5243,6.25694,0,0,1699437735
1,39.5243,9.39736,0,0,1699437735
1,48.699,8.32784,0,0,1699437735
1,42.931,3.91189,0,0,1699437735
1,43.7144,2.69781,0,0,1699437735
1,47.8125,5.44627,0,0,1699437735
1,50.1385,7.89073,0,0,1699437735
1,50.7496,6.76135,0,0,1699437735
1,49.9814,4.57599,0,0,1699437735
1,46.6949,4.48633,0,0,1699437735
1,41.8089,3.87404,0,0,1699437735
1,38.8598,2.20505,0,0,1699437735
1,41.7876,3.39901,0,0,1699437735
1,46.7345,6.24881,0,0,1699437735
1,48.5069,6.38712,0,0,1699437735
1,49.8673,5.01586,0,0,1699437735
1,49.6294,5.29399,0,0,1699437735
1,46.2038,6.85115,0,0,1699437735
1,45.475,6.77483,0,0,1699437735
1,48.8873,4.18176,0,0,1699437735
1,39.5243,2.60839,0,0,1699437735
1,39.5243,4.59605,0,0,1699437735
1,39.5243,7.2104,0,0,1699437735
1,48.6983,6.50336,0,0,1699437735
1,47.1568,3.90588,0,0,1699437735
1,46.8205,3.46363,0,0,1699437735
1,46.5573,6.44109,0,0,1699437735
1,45.7514,11.5745,0,0,1699437735
1,42.8014,14.4212,0,0,1699437735
1,36.7776,11.8595,0,0,1699437735
1,34.7802,6.97837,0,0,1699437735
1,40.0229,3.18982,0,0,1699437735
1,46.0851,2.00973,0,0,1699437735
1,50.62,3.36844,0,0,1699437735
1,39.5243,3.88123,0,0,1699437735
1,39.5243,2.91932,0,0,1699437735
1,39.5243,2.73745,0,0,1699437735
1,39.5243,4.53055,0,0,1699437735
1,51.2151,7.99012,0,0,1699437735
1,49.9788,8.8575,0,0,1699437735
1,48.5835,7.47638,0,0,1699437735
1,44.2978,8.25252,0,0,1699437735
1,42.9948,7.97976,0,0,1699437735
1,46.923,5.47366,0,0,1699437735
1,50.3793,4.3997,0,0,1699437735
1,39.5243,3.64047,0,0,1699437735
1,39.5243,3.03268,0,0,1699437735
1,39.5243,4.54695,0,0,1699437735
1,50.4525,8.34295,0,0,1699437735
1,49.3286,12.5003,0,0,1699437735
1,45.7989,11.6231,0,0,1699437735
1,41.3463,6.7385,0,0,1699437735
1,42.0064,5.10413,0,0,1699437735
1,44.5478,6.17145,0,0,1699437735
1,44.5015,6.58223,0,0,1699437735
1,44.9688,6.51015,0,0,1699437735
1,46.1223,5.36857,0,0,1699437735
1,44.5444,4.59689,0,0,1699437735
1,43.7372,7.72192,0,0,1699437735
1,46.7709,11.0399,0,0,1699437735
1,47.9471,9.14401,0,0,1699437735
1,45.6932,5.92155,0,0,1699437735
1,45.729,5.14871,0,0,1699437735
1,48.521,4.9784,0,0,1699437735
1,50.5042,4.46415,0,0,1699437735
1,50.8466,4.25709,0,0,1699437735
1,49.4062,4.60088,0,0,1699437735
1,48.0132,4.7754,0,0,1699437735
1,48.763,4.62628,0,0,1699437735
1,49.5208,4.54845,0,0,1699437735
1,50.7071,3.84668,0,0,1699437735
1,39.5243,2.50313,0,0,1699437735
1,47.9802,3.51261,0,0,1699437735
1,43.2137,8.00369,0,0,1699437735
1,44.8239,10.342,0,0,1699437735
1,48.4276,7.09728,0,0,1699437735
1,48.3671,3.18832,0,0,1699437735
1,45.2696,3.88514,0,0,1699437735
1,42.6326,8.13528,0,0,1699437735
1,43.2436,9.78922,0,0,1699437735
1,45.1535,7.1974,0,0,1699437735
1,46.5521,6.50423,0,0,1699437735
1,49.2089,8.69555,0,0,1699437735
1,51.2527,9.72478,0,0,1699437735
1,50.252,9.09141,0,0,1699437735
1,48.936,6.87087,0,0,1699437735
1,48.3951,4.81583,0,0,1699437735
1,47.1971,5.03372,0,0,1699437735
1,45.3112,5.14023,0,0,1699437735
1,43.7759,4.38045,0,0,1699437735
1,43.6881,4.8686,0,0,1699437735
1,43.4432,6.69354,0,0,1699437735
1,42.4071,8.19652,0,0,1699437735
1,44.5677,7.67625,0,0,1699437735
1,49.4101,6.80856,0,0,1699437735
1,50.7144,8.33317,0,0,1699437735
1,48.036,10.0927,0,0,1699437735
1,46.7147,10.6919,0,0,1699437735
1,45.6431,10.7755,0,0,1699437735
1,41.7991,8.58914,0,0,1699437735
1,39.5625,5.36581,0,0,1699437735
1,39.9536,3.60273,0,0,1699437735
1,41.2968,2.82684,0,0,1699437735
1,46.0426,3.63502,0,0,1699437735
1,39.5243,5.676,0,0,1699437735
1,39.5243,5.8045,0,0,1699437735
1,39.5243,3.72754,0,0,1699437735
1,39.5243,2.43455,0,0,1699437735
1,46.7106,2.76598,0,0,1699437735
1,40.6254,3.44223,0,0,1699437735
1,39.7914,4.22035,0,0,1699437735
1,41.5122,5.63023,0,0,1699437735
1,44.533,8.38132,0,0,1699437735
1,49.6953,10.6123,0,0,1699437735
1,39.5243,8.58833,0,0,1699437735
1,39.5243,3.9163,0,0,1699437735
1,39.5243,2.29671,0,0,1699437735
1,39.5243,4.32736,0,0,1699437735
1,49.442,5.71183,0,0,1699437735
1,46.235,4.86196,0,0,1699437735
1,47.1974,3.56863,0,0,1699437735
1,48.6955,3.19865,0,0,1699437735
1,50.7045,4.45985,0,0,1699437735
1,39.5243,7.69,0,0,1699437735
1,39.5243,10.6925,0,0,1699437735
1,39.5243,10.3682,0,0,1699437735
1,49.8571,8.1289,0,0,1699437735
1,49.5059,6.71119,0,0,1699437735
1,49.4652,5.68803,0,0,1699437735
1,47.2137,6.69151,0,0,1699437735
1,46.5838,10.6382,0,0,1699437735
1,47.6838,12.1653,0,0,1699437735
1,46.0676,9.20251,0,0,1699437735
1,45.5867,6.80554,0,0,1699437735
1,50.4296,6.9531,0,0,1699437735
1,39.5243,7.02989,0,0,1699437735
1,39.5243,5.72674,0,0,1699437735
1,49.8151,4.17643,0,0,1699437735
1,47.7521,3.45865,0,0,1699437735
1,46.96,2.75115,0,0,1699437735
1,48.5699,2.20193,0,0,1699437735
1,39.5243,3.11428,0,0,1699437735
1,39.5243,5.2207,0,0,1699437735
1,49.9659,6.76078,0,0,1699437735
1,47.6854,5.15737,0,0,1699437735
1,46.9625,4.0328,0,0,1699437735
1,47.3343,8.4926,0,0,1699437735
1,47.6917,11.2638,0,0,1699437735
1,44.4621,6.85568,0,0,1699437735
1,43.672,2.69995,0,0,1699437735
1,49.5448,2.9567,0,0,1699437735
1,39.5243,4.6201,0,0,1699437735
1,48.6947,6.46693,0,0,1699437735
1,42.3603,7.31867,0,0,1699437735
1,42.8735,5.54616,0,0,1699437735
1,49.5581,3.0918,0,0,1699437735
1,39.5243,2.24768,0,0,1699437735
1,46.7167,3.30872,0,0,1699437735
1,42.0418,4.7354,0,0,1699437735
1,41.166,5.05125,0,0,1699437735
1,42.0399,5.50251,0,0,1699437735
1,44.227,6.7859,0,0,1699437735
1,47.0891,7.77489,0,0,1699437735
1,48.6914,7.24424,0,0,1699437735
1,47.6069,6.44301,0,0,1699437735
1,47.7609,8.07208,0,0,1699437735
1,50.6811,10.4299,0,0,1699437735
1,51.2582,10.507,0,0,1699437735
1,48.4797,8.10375,0,0,1699437735
1,45.827,4.44663,0,0,1699437735
1,45.8098,2.52048,0,0,1699437735
1,44.9092,3.71903,0,0,1699437735
1,43.0351,5.09956,0,0,1699437735
1,47.1026,4.36041,0,0,1699437735
1,39.5243,2.90515,0,0,1699437735
1,49.655,2.46979,0,0,1699437735
1,48.3196,4.40273,0,0,1699437735
1,49.5097,8.14202,0,0,1699437735
1,49.962,8.79634,0,0,1699437735
1,47.3412,5.14209,0,0,1699437735
1,44.2094,2.0589,0,0,1699437735
1,45.1396,2.02896,0,0,1699437735
1,48.4092,3.55775,0,0,1699437735
1,50.4778,4.25098,0,0,1699437735
1,50.9806,4.46016,0,0,1699437735
1,49.651,6.14984,0,0,1699437735
1,45.2447,7.11471,0,0,1699437735
1,41.9016,5.25301,0,0,1699437735
1,43.9195,3.81182,0,0,1699437735
1,46.7529,4.93417,0,0,1699437735
1,46.2399,7.02955,0,0,1699437735
1,43.537,8.99688,0,0,1699437735
1,41.9965,9.90699,0,0,1699437735
1,44.8099,8.92997,0,0,1699437735
1,49.8246,6.42734,0,0,1699437735
1,39.5243,4.13088,0,0,1699437735
1,48.9768,4.55856,0,0,1699437735
1,45.5781,6.86883,0,0,1699437735
1,42.2773,9.38647,0,0,1699437735
1,40.3994,10.941,0,0,1699437735
1,40.8793,9.28722,0,0,1699437735
1,41.7772,7.14997,0,0,1699437735
1,43.6395,6.64519,0,0,1699437735
1,46.9281,5.87629,0,0,1699437735
1,47.3339,6.5445,0,0,1699437735
1,44.5648,8.51263,0,0,1699437735
1,44.6647,9.4047,0,0,1699437735
1,46.2339,10.5719,0,0,1699437735
1,43.491,11.1024,0,0,1699437735
1,39.439,8.5848,0,0,1699437735
1,39.7162,5.49275,0,0,1699437735
1,44.4412,4.95042,0,0,1699437735
1,48.6636,5.78403,0,0,1699437735
1,47.3922,5.42378,0,0,1699437735
1,43.8687,3.60251,0,0,1699437735
1,44.112,2.07756,0,0,1699437735
1,46.0475,1.7632,0,0,1699437735
1,45.6968,2.32179,0,0,1699437735
1,43.3212,4.17999,0,0,1699437735
1,41.6362,6.65775,0,0,1699437735
1,42.5761,7.75562,0,0,1699437735
1,43.2522,7.08507,0,0,1699437735
1,41.6925,5.56392,0,0,1699437735
1,41.2906,4.83846,0,0,1699437735
1,45.2355,5.01501,0,0,1699437735
1,39.5243,5.10102,0,0,1699437735
1,39.5243,7.07033,0,0,1699437735
1,48.5196,9.68372,0,0,1699437735
1,41.9041,9.01125,0,0,1699437735
1,39.1885,6.92672,0,0,1699437735
1,39.871,5.10641,0,0,1699437735
1,42.409,2.96184,0,0,1699437735
1,44.768,2.32397,0,0,1699437735
1,44.9049,2.74376,0,0,1699437735
1,47.3924,2.59215,0,0,1699437735
1,39.5243,2.87312,0,0,1699437735
1,51.1513,3.89783,0,0,1699437735
1,42.8708,6.14681,0,0,1699437735
1,40.7031,9.33383,0,0,1699437735
1,46.2276,10.1315,0,0,1699437735
1,48.5951,9.03915,0,0,1699437735
1,46.5582,9.92623,0,0,1699437735
1,46.4034,12.1379,0,0,1699437735
1,44.9698,11.9208,0,0,1699437735
1,41.7396,7.99684,0,0,1699437735
1,42.6557,4.85826,0,0,1699437735
1,44.7187,5.87875,0,0,1699437735
1,42.7549,7.37582,0,0,1699437735
1,38.4328,7.25318,0,0,1699437735
1,37.9351,7.22344,0,0,1699437735
1,43.8145,6.97937,0,0,1699437735
1,47.6779,7.07421,0,0,1699437735
1,46.0463,8.60923,0,0,1699437735
1,46.9276,9.32138,0,0,1699437735
1,50.7948,8.51659,0,0,1699437735
1,50.9993,7.49255,0,0,1699437735
1,47.155,6.15186,0,0,1699437735
1,43.1974,5.15859,0,0,1699437735
1,39.8585,4.36949,0,0,1699437735
1,36.9956,3.77474,0,0,1699437735
1,36.8646,5.74333,0,0,1699437735
1,39.1664,8.47507,0,0,1699437735
1,42.6259,6.94869,0,0,1699437735
1,46.6293,4.37705,0,0,1699437735
1,49.5321,5.67853,0,0,1699437735
1,48.7341,7.79785,0,0,1699437735
1,43.2651,10.7348,0,0,1699437735
1,39.4099,14.2375,0,0,1699437735
1,40.8901,12.4593,0,0,1699437735
1,43.164,7.23479,0,0,1699437735
1,44.7374,4.57844,0,0,1699437735
1,44.5354,5.27803,0,0,1699437735
1,40.1037,6.65863,0,0,1699437735
1,36.3595,6.5228,0,0,1699437735
1,40.0825,7.60228,0,0,1699437735
1,46.3992,10.1856,0,0,1699437735
1,46.2352,10.1149,0,0,1699437735
1,42.5195,9.31778,0,0,1699437735
1,41.5612,9.9193,0,0,1699437735
1,42.6053,8.15354,0,0,1699437735
1,41.8895,4.92421,0,0,1699437735
1,38.6451,5.84049,0,0,1699437735
1,37.7573,8.84363,0,0,1699437735
1,41.1967,7.53813,0,0,1699437735
1,43.2406,4.43487,0,0,1699437735
1,40.7022,4.75708,0,0,1699437735
1,38.0004,5.89876,0,0,1699437735
1,37.4605,4.96989,0,0,1699437735
1,37.7155,6.00262,0,0,1699437735
1,40.2446,10.9763,0,0,1699437735
1,43.6292,12.7116,0,0,1699437735
1,45.3246,7.8024,0,0,1699437735
1,45.0503,3.60455,0,0,1699437735
1,42.0375,3.81567,0,0,1699437735
1,41.3048,4.90251,0,0,1699437735
1,45.5855,5.14667,0,0,1699437735
1,46.0661,5.98763,0,0,1699437735
1,39.5761,7.38607,0,0,1699437735
1,34.2531,6.90954,0,0,1699437735
1,34.6318,5.66286,0,0,1699437735
1,39.8055,5.55342,0,0,1699437735
1,46.0717,4.9005,0,0,1699437735
1,47.3202,4.64101,0,0,1699437735
1,44.644,5.58678,0,0,1699437735
1,44.4703,5.07874,0,0,1699437735
1,47.1279,3.37721,0,0,1699437735
1,48.0565,3.89424,0,0,1699437735
1,44.4631,6.39951,0,0,1699437735
1,38.4731,6.50013,0,0,1699437735
1,32.909,4.78504,0,0,1699437735
1,28.6719,6.64486,0,0,1699437735
1,28.333,10.8664,0,0,1699437735
1,31.7058,10.6197,0,0,1699437735
1,34.8265,6.28836,0,0,1699437735
1,36.9803,3.99738,0,0,1699437735
1,37.8223,4.07211,0,0,1699437735
1,34.9669,3.29128,0,0,1699437735
1,30.3986,3.07454,0,0,1699437735
1,28.331,5.87326,0,0,1699437735
1,29.3056,8.62139,0,0,1699437735
1,31.9318,8.87433,0,0,1699437735
1,34.5746,8.42796,0,0,1699437735
1,36.1271,7.11631,0,0,1699437735
1,36.6142,6.6282,0,0,1699437735
1,36.9342,9.78005,0,0,1699437735
1,38.6991,11.6656,0,0,1699437735
1,40.8951,8.90521,0,0,1699437735
1,40.4347,5.85485,0,0,1699437735
1,37.8312,5.35377,0,0,1699437735
1,37.2063,7.86967,0,0,1699437735
1,39.121,10.9888,0,0,1699437735
1,39.3854,10.5085,0,0,1699437735
1,38.8799,7.80263,0,0,1699437735
1,42.088,6.4986,0,0,1699437735
1,46.5157,7.20069,0,0,1699437735
1,46.9073,7.62567,0,0,1699437735
1,45.2983,6.13506,0,0,1699437735
1,45.1559,5.72141,0,0,1699437735
1,44.2115,6.90904,0,0,1699437735
1,41.4689,6.57425,0,0,1699437735
1,39.0408,5.52036,0,0,1699437735
1,37.5113,6.16711,0,0,1699437735
1,38.7341,8.90993,0,0,1699437735
1,43.9765,10.3863,0,0,1699437735
1,48.5271,8.0348,0,0,1699437735
1,46.35,5.76702,0,0,1699437735
1,37.4181,6.09424,0,0,1699437735
1,29.7969,6.62482,0,0,1699437735
1,29.9743,6.53038,0,0,1699437735
1,34.5086,8.02135,0,0,1699437735
1,37.7652,10.9749,0,0,1699437735
1,37.2043,10.9653,0,0,1699437735
1,35.7203,7.42689,0,0,1699437735
1,38.4533,4.43613,0,0,1699437735
1,41.6491,2.92017,0,0,1699437735
1,41.3846,1.83842,0,0,1699437735
1,38.823,2.40919,0,0,1699437735
1,33.2684,4.87584,0,0,1699437735
1,29.2157,6.95674,0,0,1699437735
1,33.7616,7.32478,0,0,1699437735
1,41.4362,6.21362,0,0,1699437735
1,41.6657,5.15276,0,0,1699437735
1,36.3182,5.87986,0,0,1699437735
1,35.384,8.38916,0,0,1699437735
1,39.6825,11.6681,0,0,1699437735
1,41.939,13.3629,0,0,1699437735
1,39.7634,11.3103,0,0,1699437735
1,33.9048,7.61873,0,0,1699437735
1,39.5243,6.52649,0,0,1699437735
1,39.5243,8.6809,0,0,1699437735
1,28.3315,11.0879,0,0,1699437735
1,32.597,12.8579,0,0,1699437735
1,32.8862,13.3861,0,0,1699437735
1,32.7802,10.9883,0,0,1699437735
1,36.0157,7.5994,0,0,1699437735
1,39.0737,4.91203,0,0,1699437735
1,39.7288,2.88153,0,0,1699437735
1,38.0383,4.86451,0,0,1699437735
1,35.1106,10.5849,0,0,1699437735
1,33.9738,13.1998,0,0,1699437735
1,34.0281,12.1257,0,0,1699437735
1,32.3329,11.7608,0,0,1699437735
1,32.2473,11.565,0,0,1699437735
1,36.8924,9.38006,0,0,1699437735
1,39.1041,6.4508,0,0,1699437735
1,34.0924,5.26437,0,0,1699437735
1,28.796,6.09997,0,0,1699437735
1,30.3117,7.9584,0,0,1699437735
1,34.4352,8.85785,0,0,1699437735
1,33.6951,6.98,0,0,1699437735
1,30.4385,4.9641,0,0,1699437735
1,31.4205,4.71461,0,0,1699437735
1,35.1258,4.0283,0,0,1699437735
1,35.6043,3.51839,0,0,1699437735
1,34.8881,5.04435,0,0,1699437735
1,35.3678,7.09713,0,0,1699437735
1,33.2675,8.01632,0,0,1699437735
1,29.7524,7.19916,0,0,1699437735
1,29.6033,6.30165,0,0,1699437735
1,32.6124,6.56635,0,0,1699437735
1,34.7719,6.43679,0,0,1699437735
1,34.9419,7.4027,0,0,1699437735
1,35.2499,9.85833,0,0,1699437735
1,35.3534,10.332,0,0,1699437735
1,35.6311,8.61615,0,0,1699437735
1,36.9134,6.04343,0,0,1699437735
1,36.9438,4.48292,0,0,1699437735
1,34.9807,6.01048,0,0,1699437735
1,33.1089,7.86504,0,0,1699437735
1,32.19,8.0054,0,0,1699437735
1,31.767,8.02325,0,0,1699437735
1,32.4528,6.98831,0,0,1699437735
1,34.5233,4.45247,0,0,1699437735
1,37.217,5.04947,0,0,1699437735
1,40.1361,9.07228,0,0,1699437735
1,41.9226,8.88348,0,0,1699437735
1,40.1649,4.08249,0,0,1699437735
1,35.3307,2.63025,0,0,1699437735
1,32.2438,4.98489,0,0,1699437735
1,33.354,6.15951,0,0,1699437735
1,33.99,5.72969,0,0,1699437735
1,33.3781,5.89607,0,0,1699437735
1,35.9471,6.76588,0,0,1699437735
1,38.3899,7.85927,0,0,1699437735
1,37.5416,8.80534,0,0,1699437735
1,37.7621,7.59699,0,0,1699437735
1,37.8953,5.79339,0,0,1699437735
1,34.2138,6.54826,0,0,1699437735
1,31.0361,7.45136,0,0,1699437735
1,32.0462,7.75042,0,0,1699437735
1,33.4096,11.0347,0,0,1699437735
1,32.4911,8.06756,0,0,1699437735
1,31.4152,13.8175,0,0,1699437735
1,32.009,8.97831,0,0,1699437735
1,35.0349,7.34897,0,0,1699437735
1,38.705,7.37839,0,0,1699437735
1,41.6058,5.77626,0,0,1699437735
1,44.358,3.52923,0,0,1699437735
1,44.3621,2.82588,0,0,1699437735
1,40.7354,5.24872,0,0,1699437735
1,37.2136,8.72829,0,0,1699437735
1,35.3596,10.5041,0,0,1699437735
1,34.9441,9.97503,0,0,1699437735
1,34.8047,7.83062,0,0,1699437735
1,33.0639,8.0356,0,0,1699437735
1,32.3494,10.2791,0,0,1699437735
1,34.6896,8.94859,0,0,1699437735
1,36.4206,5.57523,0,0,1699437735
1,35.0068,5.21886,0,0,1699437735
1,31.8081,7.86699,0,0,1699437735
1,31.2211,11.2824,0,0,1699437735
1,35.0044,13.0877,0,0,1699437735
1,38.8677,12.732,0,0,1699437735
1,40.1134,10.9803,0,0,1699437735
1,38.4228,8.85693,0,0,1699437735
1,35.2188,7.94802,0,0,1699437735
1,34.8449,6.81718,0,0,1699437735
1,37.0866,5.0287,0,0,1699437735
1,38.0589,5.97165,0,0,1699437735
1,36.9955,8.09891,0,0,1699437735
1,34.7499,8.49531,0,0,1699437735
1,32.7929,9.55828,0,0,1699437735
1,31.2445,11.2184,0,0,1699437735
1,30.9818,10.4145,0,0,1699437735
1,34.9969,7.4825,0,0,1699437735
1,37.7058,7.13769,0,0,1699437735
1,33.2534,10.567,0,0,1699437735
1,28.7433,11.1743,0,0,1699437735
1,29.8137,7.84212,0,0,1699437735
1,32.3812,6.06842,0,0,1699437735
1,32.85,6.20199,0,0,1699437735
1,33.5921,5.99973,0,0,1699437735
1,37.4529,4.5554,0,0,1699437735
1,41.51,2.84417,0,0,1699437735
1,41.8232,2.40909,0,0,1699437735
1,39.2143,3.49695,0,0,1699437735
1,36.0865,5.18827,0,0,1699437735
1,33.4926,5.04993,0,0,1699437735
1,32.5225,3.73546,0,0,1699437735
1,33.383,5.96235,0,0,1699437735
1,36.6053,9.95618,0,0,1699437735
1,41.5428,9.7967,0,0,1699437735
1,43.0672,7.82522,0,0,1699437735
1,40.1317,7.10404,0,0,1699437735
1,38.5887,6.64522,0,0,1699437735
1,39.9751,7.94159,0,0,1699437735
1,39.2414,10.5519,0,0,1699437735
1,36.1791,12.0197,0,0,1699437735
1,36.0615,11.4815,0,0,1699437735
1,37.3867,8.8757,0,0,1699437735
1,35.9878,8.94424,0,0,1699437735
1,34.0798,13.2643,0,0,1699437735
1,33.0579,13.255,0,0,1699437735
1,30.5832,8.53726,0,0,1699437735
1,28.1768,7.28263,0,0,1699437735
1,28.4287,8.57189,0,0,1699437735
1,28.8188,8.33187,0,0,1699437735
1,27.9623,7.40729,0,0,1699437735
1,28.3346,7.41998,0,0,1699437735
1,30.5634,7.59556,0,0,1699437735
1,30.7934,8.46709,0,0,1699437735
1,29.4889,12.296,0,0,1699437735
1,31.6393,14.8224,0,0,1699437735
1,36.4244,12.1697,0,0,1699437735
1,41.8224,9.96648,0,0,1699437735
1,46.1083,11.8327,0,0,1699437735
1,44.6948,14.5191,0,0,1699437735
1,38.973,8.06756,0,0,1699437735
1,34.8547,8.06756,0,0,1699437735
1,33.2646,8.06756,0,0,1699437735
1,33.4971,9.04213,0,0,1699437735
1,37.0402,3.86744,0,0,1699437735
1,41.6513,4.8669,0,0,1699437735
1,42.2129,6.88439,0,0,1699437735
1,38.9021,6.81205,0,0,1699437735
1,37.7286,7.58048,0,0,1699437735
1,41.0112,9.08193,0,0,1699437735
1,43.0791,8.14091,0,0,1699437735
1,39.3599,8.52781,0,0,1699437735
1,33.3353,11.8371,0,0,1699437735
1,31.8396,11.629,0,0,1699437735
1,34.6669,7.93928,0,0,1699437735
1,37.1686,5.21472,0,0,1699437735
1,39.5032,3.51001,0,0,1699437735
1,41.5354,2.32292,0,0,1699437735
1,41.5977,2.22287,0,0,1699437735
1,40.5958,3.12051,0,0,1699437735
1,38.8887,3.79717,0,0,1699437735
1,37.1664,3.55815,0,0,1699437735
1,36.4366,4.41665,0,0,1699437735
1,35.8203,6.81028,0,0,1699437735
1,34.7557,8.52464,0,0,1699437735
1,33.325,9.79473,0,0,1699437735
1,31.4295,10.1386,0,0,1699437735
1,32.708,7.74549,0,0,1699437735
1,38.3951,6.28099,0,0,1699437735
1,40.3514,8.15862,0,0,1699437735
1,35.1217,9.23767,0,0,1699437735
1,30.2604,8.10791,0,0,1699437735
1,31.6246,7.33426,0,0,1699437735
1,36.0389,8.5154,0,0,1699437735
1,36.8545,10.2655,0,0,1699437735
1,34.947,11.0357,0,0,1699437735
1,36.962,12.2157,0,0,1699437735
1,41.9763,11.6908,0,0,1699437735
1,42.6937,8.57153,0,0,1699437735
1,39.8848,7.13231,0,0,1699437735
1,38.2811,6.67618,0,0,1699437735
1,37.9427,7.36339,0,0,1699437735
1,38.3825,9.95255,0,0,1699437735
1,37.3404,9.49533,0,0,1699437735
1,33.3511,6.67931,0,0,1699437735
1,30.7911,7.3552,0,0,1699437735
1,31.8477,10.9077,0,0,1699437735
1,33.4858,12.0125,0,0,1699437735
1,33.5036,10.2613,0,0,1699437735
1,32.5651,10.713,0,0,1699437735
1,33.9929,13.8762,0,0,1699437735
1,37.7,8.06756,0,0,1699437735
1,38.1144,14.001,0,0,1699437735
1,34.2892,11.3881,0,0,1699437735
1,30.5974,8.274,0,0,1699437735
1,30.576,8.93747,0,0,1699437735
1,34.5293,13.2854,0,0,1699437735
1,36.9795,14.177,0,0,1699437735
1,34.5786,10.5422,0,0,1699437735
1,32.2014,6.61972,0,0,1699437735
1,32.927,3.64661,0,0,1699437735
1,33.9768,3.29115,0,0,1699437735
1,33.3955,5.08018,0,0,1699437735
1,31.4701,4.72976,0,0,1699437735
1,30.4158,3.50568,0,0,1699437735
1,32.6356,5.45105,0,0,1699437735
1,36.232,8.33712,0,0,1699437735
1,39.0113,10.4346,0,0,1699437735
1,40.803,12.7049,0,0,1699437735
1,39.6264,12.2093,0,0,1699437735
1,36.3835,10.2641,0,0,1699437735
1,34.8975,10.5184,0,0,1699437735
1,36.049,9.17199,0,0,1699437735
1,36.105,5.67663,0,0,1699437735
1,33.8564,3.9305,0,0,1699437735
1,34.1236,3.53684,0,0,1699437735
1,36.0464,4.16612,0,0,1699437735
1,35.4162,6.15523,0,0,1699437735
1,31.999,6.49934,0,0,1699437735
1,27.9784,6.01153,0,0,1699437735
1,28.3849,8.61655,0,0,1699437735
1,31.937,9.5623,0,0,1699437735
1,31.7333,6.73434,0,0,1699437735
1,30.0042,7.16962,0,0,1699437735
1,33.0968,9.04336,0,0,1699437735
1,37.5721,6.13352,0,0,1699437735
1,37.1567,3.2366,0,0,1699437735
1,34.2424,5.29847,0,0,1699437735
1,33.8337,6.7906,0,0,1699437735
1,35.1555,5.8663,0,0,1699437735
1,34.1995,6.60655,0,0,1699437735
1,30.7507,8.7978,0,0,1699437735
1,30.0833,12.4465,0,0,1699437735
1,34.2285,8.06756,0,0,1699437735
1,37.0781,12.0596,0,0,1699437735
1,37.0962,8.63354,0,0,1699437735
1,40.6238,9.81252,0,0,1699437735
1,44.4028,12.2092,0,0,1699437735
1,40.3366,12.29,0,0,1699437735
1,34.9031,9.17934,0,0,1699437735
1,36.0115,5.87371,0,0,1699437735
1,38.1306,6.6053,0,0,1699437735
1,36.8046,9.68521,0,0,1699437735
1,36.7735,12.6238,0,0,1699437735
1,39.5632,14.589,0,0,1699437735
1,40.3315,12.9559,0,0,1699437735
1,39.9742,9.66597,0,0,1699437735
1,41.5216,9.05497,0,0,1699437735
1,40.1605,10.8349,0,0,1699437735
1,34.4219,11.2576,0,0,1699437735
1,31.3725,8.51795,0,0,1699437735
1,32.1086,5.75777,0,0,1699437735
1,31.9556,5.71032,0,0,1699437735
1,31.9067,8.24612,0,0,1699437735
1,34.1792,11.1527,0,0,1699437735
1,38.1626,11.4385,0,0,1699437735
1,40.275,10.3687,0,0,1699437735
1,39.0649,10.2882,0,0,1699437735
1,39.5431,9.89564,0,0,1699437735
1,40.8035,8.35628,0,0,1699437735
1,39.7563,6.89153,0,0,1699437735
1,37.5478,6.32721,0,0,1699437735
1,32.7031,7.06991,0,0,1699437735
1,28.3238,7.42628,0,0,1699437735
1,29.9187,6.13823,0,0,1699437735
1,34.5624,6.20515,0,0,1699437735
1,37.0185,7.29727,0,0,1699437735
1,36.8817,6.4869,0,0,1699437735
1,35.6619,6.66138,0,0,1699437735
1,33.7213,8.79061,0,0,1699437735
1,32.7285,10.092,0,0,1699437735
1,34.5497,11.7821,0,0,1699437735
1,36.8003,11.8964,0,0,1699437735
1,37.4245,8.90014,0,0,1699437735
1,37.442,7.95276,0,0,1699437735
1,37.3502,7.81487,0,0,1699437735
1,38.2325,5.36002,0,0,1699437735
1,39.6658,4.63125,0,0,1699437735
1,38.2591,6.31828,0,0,1699437735
1,34.9914,7.89057,0,0,1699437735
1,35.1789,10.3007,0,0,1699437735
1,38.8425,13.7806,0,0,1699437735
1,39.5243,8.06756,0,0,1699437735
1,39.5243,14.6139,0,0,1699437735
1,39.5243,10.123,0,0,1699437735
1,47.3735,7.3589,0,0,1699437735
1,38.0791,8.27305,0,0,1699437735
1,40.5526,9.15318,0,0,1699437735
1,40.6225,10.3649,0,0,1699437735
1,40.983,13.1301,0,0,1699437735
1,40.3879,12.4942,0,0,1699437735
1,37.1083,6.95938,0,0,1699437735
1,36.9453,3.9735,0,0,1699437735
1,41.2191,7.27195,0,0,1699437735
1,44.7562,10.6094,0,0,1699437735
1,45.9665,9.594,0,0,1699437735
1,44.5358,6.54697,0,0,1699437735
1,42.3798,4.62394,0,0,1699437735
1,42.4614,4.21508,0,0,1699437735
1,40.171,3.13226,0,0,1699437735
1,35.0445,2.44521,0,0,1699437735
1,33.7488,4.2385,0,0,1699437735
1,33.907,6.14139,0,0,1699437735
1,31.6098,6.12062,0,0,1699437735
1,30.1777,6.07827,0,0,1699437735
1,31.0557,7.87174,0,0,1699437735
1,32.3283,8.86795,0,0,1699437735
1,33.8469,9.28975,0,0,1699437735
1,36.7795,12.0662,0,0,1699437735
1,38.8366,12.2409,0,0,1699437735
1,37.2517,7.57322,0,0,1699437735
1,34.2758,4.12497,0,0,1699437735
1,33.805,3.62234,0,0,1699437735
1,34.5091,3.86861,0,0,1699437735
1,31.5865,6.6812,0,0,1699437735
1,28.9116,11.7347,0,0,1699437735
1,31.8024,12.7689,0,0,1699437735
1,35.5637,9.72072,0,0,1699437735
1,37.1105,6.91716,0,0,1699437735
1,38.442,5.90294,0,0,1699437735
1,39.1372,8.13744,0,0,1699437735
1,37.4743,12.7973,0,0,1699437735
1,34.4392,8.06756,0,0,1699437735
1,32.6878,11.7166,0,0,1699437735
1,33.8838,7.0897,0,0,1699437735
1,38.6408,6.61906,0,0,1699437735
1,44.1042,6.85832,0,0,1699437735
1,46.0622,4.96848,0,0,1699437735
1,42.5034,5.05176,0,0,1699437735
1,34.0279,8.18908,0,0,1699437735
1,39.5243,9.63462,0,0,1699437735
1,28.5235,8.96645,0,0,1699437735
1,33.6251,8.42779,0,0,1699437735
1,37.2717,8.56368,0,0,1699437735
1,40.3831,11.1541,0,0,1699437735
1,45.1959,13.2946,0,0,1699437735
1,48.4261,10.1914,0,0,1699437735
1,45.7791,5.96052,0,0,1699437735
1,41.4039,4.85005,0,0,1699437735
1,42.1308,4.87028,0,0,1699437735
1,44.2106,5.12478,0,0,1699437735
1,39.9218,6.66483,0,0,1699437735
1,35.3156,8.90003,0,0,1699437735
1,38.3222,9.21788,0,0,1699437735
1,40.8471,7.60099,0,0,1699437735
1,36.9515,5.95574,0,0,1699437735
1,36.0635,4.81553,0,0,1699437735
1,41.5568,6.16621,0,0,1699437735
1,45.4669,8.38001,0,0,1699437735
1,45.1756,10.5357,0,0,1699437735
1,42.2631,14.3808,0,0,1699437735
1,39.7516,13.398,0,0,1699437735
1,39.0846,6.92033,0,0,1699437735
1,37.4649,4.05341,0,0,1699437735
1,37.5606,5.80161,0,0,1699437735
1,40.5979,8.42956,0,0,1699437735
1,41.7928,10.7039,0,0,1699437735
1,41.9309,11.0987,0,0,1699437735
1,43.4787,7.66264,0,0,1699437735
1,43.0329,4.84869,0,0,1699437735
1,38.8466,6.95402,0,0,1699437735
1,35.4798,7.46643,0,0,1699437735
1,35.5136,4.46245,0,0,1699437735
1,37.408,2.80122,0,0,1699437735
1,39.3239,1.94865,0,0,1699437735
1,39.4699,8.06756,0,0,1699437735
1,38.24,1.70264,0,0,1699437735
1,38.4011,4.03797,0,0,1699437735
1,38.2513,6.25041,0,0,1699437735
1,34.2393,7.18256,0,0,1699437735
1,31.2532,7.5843,0,0,1699437735
1,33.7444,7.14795,0,0,1699437735
1,35.9581,7.08743,0,0,1699437735
1,34.5745,7.8399,0,0,1699437735
1,35.9712,7.83881,0,0,1699437735
1,41.1097,8.31372,0,0,1699437735
1,43.8721,8.88938,0,0,1699437735
1,43.6337,7.53083,0,0,1699437735
1,42.914,5.75363,0,0,1699437735
1,44.8844,5.43297,0,0,1699437735
1,48.0408,7.62204,0,0,1699437735
1,46.0283,12.3333,0,0,1699437735
1,41.2018,8.06756,0,0,1699437735
1,38.9526,13.9688,0,0,1699437735
1,37.7601,10.3175,0,0,1699437735
1,36.2263,7.91757,0,0,1699437735
1,37.3973,7.87685,0,0,1699437735
1,41.1596,8.15462,0,0,1699437735
1,41.6819,7.46052,0,0,1699437735
1,36.9811,6.5689,0,0,1699437735
1,31.8749,5.25049,0,0,1699437735
1,29.7738,4.48041,0,0,1699437735
1,29.1671,4.53496,0,0,1699437735
1,31.2111,3.91044,0,0,1699437735
1,36.0601,3.83879,0,0,1699437735
1,36.5835,4.97164,0,0,1699437735
1,33.909,5.06835,0,0,1699437735
1,36.9272,4.39779,0,0,1699437735
1,42.8042,5.42607,0,0,1699437735
1,43.3261,7.39289,0,0,1699437735
1,39.9444,6.93757,0,0,1699437735
1,38.4001,5.31714,0,0,1699437735
1,38.7546,6.15005,0,0,1699437735
1,38.1804,6.74793,0,0,1699437735
1,35.9261,5.86327,0,0,1699437735
1,34.004,7.35884,0,0,1699437735
1,37.4325,9.26596,0,0,1699437735
1,45.0006,7.35639,0,0,1699437735
1,46.7706,3.4064,0,0,1699437735
1,40.2455,2.03036,0,0,1699437735
1,32.9661,4.70797,0,0,1699437735
1,30.0464,9.07648,0,0,1699437735
1,31.5065,12.2483,0,0,1699437735
1,35.3295,11.0567,0,0,1699437735
1,38.5393,6.45842,0,0,1699437735
1,40.1595,4.68079,0,0,1699437735
1,40.3487,6.59932,0,0,1699437735
1,37.7942,7.15974,0,0,1699437735
1,35.7095,5.69617,0,0,1699437735
1,37.9316,5.54551,0,0,1699437735
1,40.1749,6.54059,0,0,1699437735
1,39.1724,5.9541,0,0,1699437735
1,36.7651,6.09831,0,0,1699437735
1,33.5757,11.0367,0,0,1699437735
1,31.1615,8.06756,0,0,1699437735
1,32.8647,14.4064,0,0,1699437735
1,39.0035,14.3079,0,0,1699437735
1,43.7162,8.06756,0,0,1699437735
1,40.8943,12.9441,0,0,1699437735
1,35.6763,8.15675,0,0,1699437735
1,36.9272,4.56878,0,0,1699437735
1,41.1338,3.89052,0,0,1699437735
1,39.4177,5.5951,0,0,1699437735
1,32.3808,7.24128,0,0,1699437735
1,28.281,7.56456,0,0,1699437735
1,30.6884,6.50359,0,0,1699437735
1,34.1226,4.46258,0,0,1699437735
1,35.4079,4.72437,0,0,1699437735
1,37.232,9.43314,0,0,1699437735
1,37.5824,12.454,0,0,1699437735
1,34.7497,9.28111,0,0,1699437735
1,33.5651,5.28966,0,0,1699437735
1,35.0674,3.6985,0,0,1699437735
1,37.5059,4.08823,0,0,1699437735
1,39.5,6.7474,0,0,1699437735
1,38.6204,7.24405,0,0,1699437735
1,37.3746,3.9692,0,0,1699437735
1,39.6872,2.26349,0,0,1699437735
1,43.1549,4.05397,0,0,1699437735
1,43.3831,6.73371,0,0,1699437735
1,41.3922,9.41723,0,0,1699437735
1,38.8173,11.0967,0,0,1699437735
1,34.6084,10.3207,0,0,1699437735
1,31.9909,9.81404,0,0,1699437735
1,32.5534,10.4625,0,0,1699437735
1,33.0331,9.80291,0,0,1699437735
1,31.9969,8.96169,0,0,1699437735
1,31.3371,9.00433,0,0,1699437735
1,32.6134,10.0956,0,0,1699437735
1,33.9885,14.5501,0,0,1699437735
1,34.5128,8.06756,0,0,1699437735
1,32.9278,8.06756,0,0,1699437735
1,30.1316,13.6141,0,0,1699437735
1,31.1869,10.8586,0,0,1699437735
1,34.7264,7.58294,0,0,1699437735
1,37.3173,4.80803,0,0,1699437735
1,40.642,2.84284,0,0,1699437735
1,44.219,4.18857,0,0,1699437735
1,45.0679,8.56281,0,0,1699437735
1,44.0134,8.51106,0,0,1699437735
1,42.2456,5.46436,0,0,1699437735
1,38.5227,5.86176,0,0,1699437735
1,34.9995,6.77986,0,0,1699437735
1,32.7366,5.21693,0,0,1699437735
1,28.9826,4.86244,0,0,1699437735
1,39.5243,7.07993,0,0,1699437735
1,28.2683,7.63699,0,0,1699437735
1,32.7921,6.21659,0,0,1699437735
1,35.8159,6.30345,0,0,1699437735
1,33.2901,6.30095,0,0,1699437735
1,39.5243,5.31387,0,0,1699437735
1,39.5243,6.97961,0,0,1699437735
1,31.4036,11.2515,0,0,1699437735
1,38.6546,13.2534,0,0,1699437735
1,43.2858,10.9117,0,0,1699437735
1,41.4197,7.12746,0,0,1699437735
1,35.7172,5.54833,0,0,1699437735
1,34.375,7.37696,0,0,1699437735
1,36.7045,9.78276,0,0,1699437735
1,37.0214,8.94804,0,0,1699437735
1,35.8903,7.08097,0,0,1699437735
1,36.8001,8.16803,0,0,1699437735
1,39.3727,9.80351,0,0,1699437735
1,38.1034,10.9697,0,0,1699437735
1,33.7007,12.9667,0,0,1699437735
1,35.3446,12.5145,0,0,1699437735
1,41.0414,9.19024,0,0,1699437735
1,40.2978,6.12879,0,0,1699437735
1,33.8809,4.03228,0,0,1699437735
1,29.9559,3.21104,0,0,1699437735
1,31.9019,3.68793,0,0,1699437735
1,35.5957,4.02353,0,0,1699437735
1,35.299,3.03234,0,0,1699437735
1,31.7606,2.34031,0,0,1699437735
1,29.697,4.40708,0,0,1699437735
1,31.0986,7.03941,0,0,1699437735
1,35.0171,6.54992,0,0,1699437735
1,38.2005,5.39367,0,0,1699437735
1,36.7068,6.00954,0,0,1699437735
1,33.0997,5.63669,0,0,1699437735
1,32.9062,4.37617,0,0,1699437735
1,32.6918,5.88309,0,0,1699437735
1,31.4163,8.84095,0,0,1699437735
1,34.5675,8.54611,0,0,1699437735
1,36.5712,6.43494,0,0,1699437735
1,35.8405,6.4904,0,0,1699437735
1,39.5285,6.78489,0,0,1699437735
1,42.1123,5.47007,0,0,1699437735
1,39.2512,5.97174,0,0,1699437735
1,38.2346,9.02462,0,0,1699437735
1,40.9873,10.3496,0,0,1699437735
1,40.8495,9.35202,0,0,1699437735
1,37.0593,8.79072,0,0,1699437735
1,35.1948,8.4449,0,0,1699437735
1,35.694,9.09819,0,0,1699437735
1,37.2931,11.7878,0,0,1699437735
1,39.037,14.6283,0,0,1699437735
1,39.1447,8.06756,0,0,1699437735
1,37.5793,11.9139,0,0,1699437735
1,34.4294,7.26419,0,0,1699437735
1,32.1664,5.28426,0,0,1699437735
1,34.5378,3.95803,0,0,1699437735
1,41.0646,3.44553,0,0,1699437735
1,45.3416,4.50785,0,0,1699437735
1,43.8975,4.76175,0,0,1699437735
1,41.6268,5.38424,0,0,1699437735
1,39.8622,7.68602,0,0,1699437735
1,35.8984,10.3841,0,0,1699437735
1,34.3717,11.5086,0,0,1699437735
1,37.241,8.27816,0,0,1699437735
1,37.2277,4.48539,0,0,1699437735
1,35.3221,5.3459,0,0,1699437735
1,37.9074,5.92995,0,0,1699437735
1,39.7568,3.89275,0,0,1699437735
1,35.8182,5.14134,0,0,1699437735
1,32.4552,8.83932,0,0,1699437735
1,34.4709,9.29617,0,0,1699437735
1,37.1828,8.17855,0,0,1699437735
1,37.5473,8.10124,0,0,1699437735
1,38.5716,7.04119,0,0,1699437735
1,39.5202,5.32707,0,0,1699437735
1,37.2863,5.20049,0,0,1699437735
1,33.1034,7.30702,0,0,1699437735
1,30.5439,9.36413,0,0,1699437735
1,31.0516,8.01134,0,0,1699437735
1,33.7944,4.58562,0,0,1699437735
1,36.8335,2.62583,0,0,1699437735
1,38.1076,3.38232,0,0,1699437735
1,37.2705,5.00148,0,0,1699437735
1,35.0752,4.25488,0,0,1699437735
1,31.6232,2.48511,0,0,1699437735
1,28.366,2.30541,0,0,1699437735
1,30.4576,2.0785,0,0,1699437735
1,37.5962,8.06756,0,0,1699437735
1,40.3796,1.82828,0,0,1699437735
1,37.5336,4.51735,0,0,1699437735
1,36.2879,6.91442,0,0,1699437735
1,37.7269,6.96462,0,0,1699437735
1,38.7435,6.1323,0,0,1699437735
1,37.723,8.0377,0,0,1699437735
1,33.9129,12.0791,0,0,1699437735
1,29.5962,13.5714,0,0,1699437735
1,29.6097,12.1543,0,0,1699437735
1,33.2834,10.6001,0,0,1699437735
1,34.8662,9.02571,0,0,1699437735
1,32.532,6.39399,0,0,1699437735
1,31.9375,3.54457,0,0,1699437735
1,36.0123,2.64278,0,0,1699437735
1,37.2558,3.06848,0,0,1699437735
1,33.0311,3.37941,0,0,1699437735
1,30.6006,4.29649,0,0,1699437735
1,30.332,5.19174,0,0,1699437735
1,28.2483,6.14702,0,0,1699437735
1,28.0218,7.38876,0,0,1699437735
1,30.9449,7.74853,0,0,1699437735
1,34.4136,8.83146,0,0,1699437735
1,39.1201,9.12612,0,0,1699437735
1,42.3045,5.69604,0,0,1699437735
1,41.9582,4.22853,0,0,1699437735
1,38.5149,7.73046,0,0,1699437735
1,32.9097,12.8964,0,0,1699437735
1,31.6362,8.06756,0,0,1699437735
1,36.4172,8.06756,0,0,1699437735
1,41.0725,10.0846,0,0,1699437735
1,41.9817,4.52275,0,0,1699437735
1,38.8639,6.12267,0,0,1699437735
1,33.18,7.63443,0,0,1699437735
1,29.6468,7.14436,0,0,1699437735
1,35.5979,7.27259,0,0,1699437735
1,46.3123,6.44006,0,0,1699437735
1,44.3403,6.6273,0,0,1699437735
1,34.4346,10.6143,0,0,1699437735
1,34.7945,11.8085,0,0,1699437735
1,40.565,9.85583,0,0,1699437735
1,44.1095,10.5512,0,0,1699437735
1,46.5122,9.9415,0,0,1699437735
1,45.1743,7.50551,0,0,1699437735
1,41.1642,9.15042,0,0,1699437735
1,38.4292,11.4427,0,0,1699437735
1,37.4326,8.99923,0,0,1699437735
1,37.3374,4.93788,0,0,1699437735
1,37.9495,3.84083,0,0,1699437735
1,38.7338,5.11489,0,0,1699437735
1,38.6137,5.97582,0,0,1699437735
1,37.1951,7.10402,0,0,1699437735
1,36.0224,9.0246,0,0,1699437735
1,37.1167,9.79419,0,0,1699437735
1,38.7808,8.877,0,0,1699437735
1,38.026,6.442,0,0,1699437735
1,34.7217,5.87632,0,0,1699437735
1,29.8453,9.98777,0,0,1699437735
1,39.5243,12.2484,0,0,1699437735
1,39.5243,9.64937,0,0,1699437735
1,28.6717,8.45148,0,0,1699437735
1,32.7255,9.54228,0,0,1699437735
1,35.1043,9.24945,0,0,1699437735
1,36.5119,8.03631,0,0,1699437735
1,41.4537,7.23647,0,0,1699437735
1,43.9247,6.69425,0,0,1699437735
1,40.1871,6.47389,0,0,1699437735
1,36.9219,6.05734,0,0,1699437735
1,34.0742,7.14293,0,0,1699437735
1,29.7304,9.89276,0,0,1699437735
1,28.8196,11.1208,0,0,1699437735
1,33.1049,11.0533,0,0,1699437735
1,36.4708,9.4161,0,0,1699437735
1,35.2123,7.49369,0,0,1699437735
1,32.8138,8.62544,0,0,1699437735
1,32.3176,9.68215,0,0,1699437735
1,33.5109,7.81563,0,0,1699437735
1,33.846,5.17829,0,0,1699437735
1,31.8072,4.78217,0,0,1699437735
1,31.6003,5.8362,0,0,1699437735
1,33.6924,5.50266,0,0,1699437735
1,32.4171,5.28069,0,0,1699437735
1,29.651,5.82591,0,0,1699437735
1,30.3284,6.52393,0,0,1699437735
1,33.3445,7.74613,0,0,1699437735
1,33.818,6.41566,0,0,1699437735
1,28.4076,3.40369,0,0,1699437735
1,39.5243,3.9433,0,0,1699437735
1,39.5243,7.15158,0,0,1699437735
1,32.4153,9.33467,0,0,1699437735
1,32.9859,9.26946,0,0,1699437735
1,31.5361,8.44236,0,0,1699437735
1,31.7991,11.1485,0,0,1699437735
1,34.5539,8.06756,0,0,1699437735
1,36.4164,14.2917,0,0,1699437735
1,36.2031,7.27918,0,0,1699437735
1,36.4814,4.41155,0,0,1699437735
1,34.1548,5.43434,0,0,1699437735
1,28.8509,7.07111,0,0,1699437735
1,39.5243,9.50982,0,0,1699437735
1,30.7613,9.44211,0,0,1699437735
1,33.4546,6.70021,0,0,1699437735
1,33.724,7.68712,0,0,1699437735
1,33.3966,11.2351,0,0,1699437735
1,35.7236,9.78504,0,0,1699437735
1,37.7398,5.86035,0,0,1699437735
1,34.653,4.55974,0,0,1699437735
1,29.0944,3.6828,0,0,1699437735
1,39.5243,2.78346,0,0,1699437735
1,32.7418,4.34572,0,0,1699437735
1,39.4466,8.17894,0,0,1699437735
1,40.5176,10.4113,0,0,1699437735
1,35.0175,9.62971,0,0,1699437735
1,29.5435,8.55676,0,0,1699437735
1,28.1557,8.79591,0,0,1699437735
1,31.8414,12.7939,0,0,1699437735
1,37.7187,8.06756,0,0,1699437735
1,39.0105,8.06756,0,0,1699437735
1,36.4415,12.4999,0,0,1699437735
1,35.7303,9.15,0,0,1699437735
1,35.8012,8.8645,0,0,1699437735
1,34.721,8.53045,0,0,1699437735
1,35.1113,9.47844,0,0,1699437735
1,36.4027,12.8603,0,0,1699437735
1,36.3635,12.6727,0,0,1699437735
1,36.1131,7.52342,0,0,1699437735
1,34.8885,5.15696,0,0,1699437735
1,31.5279,7.824,0,0,1699437735
1,28.3502,8.69914,0,0,1699437735
1,39.5243,7.10878,0,0,1699437735
1,27.8032,6.89043,0,0,1699437735
1,32.6658,6.1527,0,0,1699437735
1,41.0541,5.16005,0,0,1699437735
1,43.992,6.02763,0,0,1699437735
1,42.0517,7.03938,0,0,1699437735
1,40.4474,7.79096,0,0,1699437735
1,37.1635,7.95751,0,0,1699437735
1,34.9262,6.49459,0,0,1699437735
1,38.3539,7.63668,0,0,1699437735
1,42.3936,14.8193,0,0,1699437735
1,41.8948,8.06756,0,0,1699437735
1,37.9213,8.06756,0,0,1699437735
1,32.2092,10.2943,0,0,1699437735
1,29.9235,7.63679,0,0,1699437735
1,34.4457,6.75822,0,0,1699437735
1,38.3518,5.97522,0,0,1699437735
1,35.4576,6.83395,0,0,1699437735
1,29.0241,10.0312,0,0,1699437735
1,39.5243,11.3032,0,0,1699437735
1,39.5243,7.57318,0,0,1699437735
1,30.5314,4.43653,0,0,1699437735
1,32.4725,6.70365,0,0,1699437735
1,31.7836,10.1452,0,0,1699437735
1,35.108,9.36908,0,0,1699437735
1,42.0375,6.62058,0,0,1699437735
1,43.7447,6.08692,0,0,1699437735
1,40.4611,9.33444,0,0,1699437735
1,37.7743,14.0415,0,0,1699437735
1,35.3525,14.1974,0,0,1699437735
1,33.2664,10.3155,0,0,1699437735
1,32.0789,6.89136,0,0,1699437735
1,29.7726,6.48044,0,0,1699437735
1,27.8681,11.447,0,0,1699437735
1,30.0217,8.06756,0,0,1699437735
1,35.607,14.8164,0,0,1699437735
1,37.3883,12.869,0,0,1699437735
1,32.6496,10.1835,0,0,1699437735
1,31.5868,7.59628,0,0,1699437735
1,37.0182,10.7944,0,0,1699437735
1,39.5648,14.8785,0,0,1699437735
1,37.6367,11.7948,0,0,1699437735
1,36.4769,5.92953,0,0,1699437735
1,36.424,4.35417,0,0,1699437735
1,35.6959,5.68508,0,0,1699437735
1,36.049,8.55917,0,0,1699437735
1,37.9293,14.8561,0,0,1699437735
1,38.996,8.06756,0,0,1699437735
1,37.8526,8.06756,0,0,1699437735
1,34.5871,14.3046,0,0,1699437735
1,32.8916,12.4086,0,0,1699437735
1,34.1472,10.2806,0,0,1699437735
1,33.9021,9.01281,0,0,1699437735
1,34.0715,9.71139,0,0,1699437735
1,40.3249,9.1048,0,0,1699437735
1,46.3194,6.58586,0,0,1699437735
1,43.6586,4.25518,0,0,1699437735
1,36.5475,2.74334,0,0,1699437735
1,32.323,4.68862,0,0,1699437735
1,32.0732,10.5437,0,0,1699437735
1,33.4066,12.2244,0,0,1699437735
1,33.2099,8.04452,0,0,1699437735
1,31.2331,6.35358,0,0,1699437735
1,30.5548,9.33812,0,0,1699437735
1,30.4906,13.1104,0,0,1699437735
1,29.9407,8.06756,0,0,1699437735
1,31.2764,13.644,0,0,1699437735
1,32.8406,11.5759,0,0,1699437735
1,32.986,11.5536,0,0,1699437735
1,34.9886,11.2952,0,0,1699437735
1,37.0344,10.7551,0,0,1699437735
1,34.3743,11.4948,0,0,1699437735
1,32.4575,10.092,0,0,1699437735
1,36.6194,6.11363,0,0,1699437735
1,40.8497,4.13177,0,0,1699437735
1,41.6993,5.60756,0,0,1699437735
1,41.2025,7.43845,0,0,1699437735
1,38.7369,7.52972,0,0,1699437735
1,34.32,6.7053,0,0,1699437735
1,31.059,6.03146,0,0,1699437735
1,31.5404,6.7888,0,0,1699437735
1,35.0597,10.38,0,0,1699437735
1,38.0056,13.3609,0,0,1699437735
1,37.6408,12.0637,0,0,1699437735
1,35.7642,12.2347,0,0,1699437735
1,35.8548,14.4729,0,0,1699437735
1,37.7461,13.9677,0,0,1699437735
1,37.9843,14.556,0,0,1699437735
1,36.7381,8.06756,0,0,1699437735
1,38.1657,12.5712,0,0,1699437735
1,40.2857,14.5301,0,0,1699437735
1,38.8201,8.06756,0,0,1699437735
1,36.9374,8.06756,0,0,1699437735
1,38.3229,13.9024,0,0,1699437735
1,39.4549,7.00822,0,0,1699437735
1,36.9801,3.07867,0,0,1699437735
1,32.9723,2.75962,0,0,1699437735
1,30.1478,5.24241,0,0,1699437735
1,30.8992,10.982,0,0,1699437735
1,34.0301,8.06756,0,0,1699437735
1,34.8031,8.06756,0,0,1699437735
1,33.6053,10.2934,0,0,1699437735
1,33.0422,6.4129,0,0,1699437735
1,33.9978,8.09289,0,0,1699437735
1,36.9233,8.71711,0,0,1699437735
1,40.2558,6.65607,0,0,1699437735
1,39.9535,5.86644,0,0,1699437735
1,35.4923,6.36459,0,0,1699437735
1,31.4919,6.45069,0,0,1699437735
1,27.7662,6.5997,0,0,1699437735
1,39.5243,6.15554,0,0,1699437735
1,30.0404,6.74362,0,0,1699437735
1,32.5789,9.35724,0,0,1699437735
1,30.4683,9.7755,0,0,1699437735
1,31.73,7.93846,0,0,1699437735
1,34.8881,7.86428,0,0,1699437735
1,35.5889,9.5308,0,0,1699437735
1,33.5417,10.5645,0,0,1699437735
1,30.9608,10.5738,0,0,1699437735
1,32.954,11.5117,0,0,1699437735
1,37.0506,11.8276,0,0,1699437735
1,36.3312,8.26311,0,0,1699437735
1,33.6789,6.87616,0,0,1699437735
1,33.1142,11.778,0,0,1699437735
1,32.0237,13.5243,0,0,1699437735
1,31.8511,9.62232,0,0,1699437735
1,33.2657,8.30277,0,0,1699437735
1,31.1019,10.3649,0,0,1699437735
1,28.4082,12.7562,0,0,1699437735
1,30.6306,8.06756,0,0,1699437735
1,33.9574,8.06756,0,0,1699437735
1,34.0147,9.72408,0,0,1699437735
1,31.0575,3.88543,0,0,1699437735
1,30.4575,3.21935,0,0,1699437735
1,35.7889,5.37421,0,0,1699437735
1,39.2002,5.29996,0,0,1699437735
1,36.0697,4.90266,0,0,1699437735
1,33.2137,8.55485,0,0,1699437735
1,33.7792,13.3202,0,0,1699437735
1,36.7337,8.06756,0,0,1699437735
1,40.3836,8.06756,0,0,1699437735
1,40.3713,8.06756,0,0,1699437735
1,36.5274,8.06756,0,0,1699437735
1,33.9159,8.06756,0,0,1699437735
1,35.1067,11.7751,0,0,1699437735
1,37.8741,9.19486,0,0,1699437735
1,38.2675,10.9824,0,0,1699437735
1,35.6656,10.2336,0,0,1699437735
1,32.5285,6.48655,0,0,1699437735
1,29.4875,6.08327,0,0,1699437735
1,39.5243,8.26632,0,0,1699437735
1,29.6639,11.1522,0,0,1699437735
1,35.2054,13.574,0,0,1699437735
1,39.3536,12.0075,0,0,1699437735
1,38.0212,8.80452,0,0,1699437735
1,35.7105,10.3538,0,0,1699437735
1,39.1428,13.8411,0,0,1699437735
1,42.3235,13.6901,0,0,1699437735
1,38.4312,14.0423,0,0,1699437735
1,34.4961,8.06756,0,0,1699437735
1,34.5684,8.06756,0,0,1699437735
1,35.4309,10.6448,0,0,1699437735
1,38.0302,4.78887,0,0,1699437735
1,39.475,5.53375,0,0,1699437735
1,35.0853,7.33055,0,0,1699437735
1,31.011,8.39351,0,0,1699437735
1,34.9526,8.12208,0,0,1699437735
1,40.5221,5.06675,0,0,1699437735
1,37.9009,5.12074,0,0,1699437735
1,31.012,11.2726,0,0,1699437735
1,28.3874,8.06756,0,0,1699437735
1,33.5796,8.06756,0,0,1699437735
1,42.5484,12.1935,0,0,1699437735
1,45.6229,11.2316,0,0,1699437735
1,42.6531,11.6538,0,0,1699437735
1,39.2193,8.96207,0,0,1699437735
1,37.5447,5.68351,0,0,1699437735
1,39.1946,6.0087,0,0,1699437735
1,38.9439,9.55038,0,0,1699437735
1,33.5079,11.5567,0,0,1699437735
1,31.8094,8.63516,0,0,1699437735
1,35.7872,5.32202,0,0,1699437735
1,37.1573,4.85421,0,0,1699437735
1,37.2836,4.0585,0,0,1699437735
1,38.9186,2.895,0,0,1699437735
1,38.3667,4.93743,0,0,1699437735
1,39.2008,7.93383,0,0,1699437735
1,42.6103,8.76743,0,0,1699437735
1,41.0387,9.05035,0,0,1699437735
1,35.5553,8.12476,0,0,1699437735
1,32.8005,7.09139,0,0,1699437735
1,32.7823,7.76254,0,0,1699437735
1,32.9769,6.80935,0,0,1699437735
1,34.4902,4.7462,0,0,1699437735
1,36.5712,4.1153,0,0,1699437735
1,35.534,5.02202,0,0,1699437735
1,34.3604,9.52771,0,0,1699437735
1,37.3991,14.5851,0,0,1699437735
1,41.1209,12.2974,0,0,1699437735
1,39.9335,5.60363,0,0,1699437735
1,33.707,3.1654,0,0,1699437735
1,28.7048,3.73292,0,0,1699437735
1,28.3051,5.32855,0,0,1699437735
1,29.5357,9.77257,0,0,1699437735
1,29.4405,12.1732,0,0,1699437735
1,28.843,9.49485,0,0,1699437735
1,33.5306,7.20325,0,0,1699437735
1,40.88,8.40629,0,0,1699437735
1,41.0478,9.96758,0,0,1699437735
1,37.006,8.91765,0,0,1699437735
1,33.3406,7.17456,0,0,1699437735
1,39.5243,7.35405,0,0,1699437735
1,39.5243,9.12979,0,0,1699437735
1,31.4164,10.0002,0,0,1699437735
1,38.1937,8.44116,0,0,1699437735
1,38.1297,6.79134,0,0,1699437735
1,35.9373,6.51615,0,0,1699437735
1,36.1481,8.08119,0,0,1699437735
1,36.194,9.58085,0,0,1699437735
1,34.7799,9.01893,0,0,1699437735
1,36.0279,8.93211,0,0,1699437735
1,38.9144,8.57153,0,0,1699437735
1,38.2301,6.84324,0,0,1699437735
1,36.1696,6.84615,0,0,1699437735
1,35.2032,9.39456,0,0,1699437735
1,32.3105,10.6742,0,0,1699437735
1,28.7968,8.87609,0,0,1699437735
1,29.6773,8.03907,0,0,1699437735
1,33.3435,9.75832,0,0,1699437735
1,34.6139,11.5931,0,0,1699437735
1,35.5669,12.0261,0,0,1699437735
1,36.9808,10.5947,0,0,1699437735
1,33.6106,8.13667,0,0,1699437735
1,29.5003,6.42669,0,0,1699437735
1,32.5199,8.0881,0,0,1699437735
1,37.3796,12.9033,0,0,1699437735
1,35.1207,14.7493,0,0,1699437735
1,30.7299,11.9332,0,0,1699437735
1,32.5298,10.893,0,0,1699437735
1,36.4042,11.3483,0,0,1699437735
1,36.2129,8.26718,0,0,1699437735
1,31.319,6.18902,0,0,1699437735
1,39.5243,9.32006,0,0,1699437735
1,39.5243,10.7175,0,0,1699437735
1,32.6696,8.50958,0,0,1699437735
1,41.0219,9.57065,0,0,1699437735
1,42.7502,12.713,0,0,1699437735
1,42.1557,12.2876,0,0,1699437735
1,45.4006,8.80701,0,0,1699437735
1,47.2805,6.87239,0,0,1699437735
1,41.4913,9.00277,0,0,1699437735
1,36.2312,12.219,0,0,1699437735
1,35.2658,12.4949,0,0,1699437735
1,33.75,9.86812,0,0,1699437735
1,33.8808,9.13828,0,0,1699437735
1,37.6117,10.9045,0,0,1699437735
1,41.5309,9.2071,0,0,1699437735
1,42.0613,6.23232,0,0,1699437735
1,40.9282,7.77694,0,0,1699437735
1,40.2151,10.8147,0,0,1699437735
1,37.4922,13.1469,0,0,1699437735
1,36.2228,8.06756,0,0,1699437735
1,38.3732,8.06756,0,0,1699437735
1,37.8071,14.1462,0,0,1699437735
1,34.2871,9.15324,0,0,1699437735
1,34.2415,8.71594,0,0,1699437735
1,38.6427,9.84914,0,0,1699437735
1,40.4976,10.4377,0,0,1699437735
1,37.2888,9.36543,0,0,1699437735
1,34.5837,7.67861,0,0,1699437735
1,35.7242,8.23802,0,0,1699437735
1,37.3895,8.58513,0,0,1699437735
1,36.7034,7.32505,0,0,1699437735
1,37.4959,5.6171,0,0,1699437735
1,40.9474,4.24555,0,0,1699437735
1,42.4362,3.70959,0,0,1699437735
1,41.3497,2.54393,0,0,1699437735
1,38.3476,1.40548,0,0,1699437735
1,33.2398,2.89281,0,0,1699437735
1,29.4411,5.4868,0,0,1699437735
1,28.4001,5.73636,0,0,1699437735
1,39.5243,4.71291,0,0,1699437735
1,27.7691,5.11467,0,0,1699437735
1,32.7367,7.36889,0,0,1699437735
1,37.7943,9.38049,0,0,1699437735
1,39.8771,8.71588,0,0,1699437735
1,40.6284,6.47142,0,0,1699437735
1,38.1849,5.05797,0,0,1699437735
1,33.9184,6.46271,0,0,1699437735
1,32.8581,11.1396,0,0,1699437735
1,33.5056,8.06756,0,0,1699437735
1,33.468,13.1491,0,0,1699437735
1,34.8527,8.03007,0,0,1699437735
1,39.2109,4.88605,0,0,1699437735
1,42.2014,4.21027,0,0,1699437735
1,40.2604,5.28792,0,0,1699437735
1,38.5146,7.85063,0,0,1699437735
1,41.0925,10.2627,0,0,1699437735
1,43.7802,11.6989,0,0,1699437735
1,43.1762,12.0211,0,0,1699437735
1,41.7904,11.2068,0,0,1699437735
1,39.5283,8.92182,0,0,1699437735
1,35.2271,6.15564,0,0,1699437735
1,34.2823,6.29802,0,0,1699437735
1,37.726,8.64391,0,0,1699437735
1,39.9083,9.70119,0,0,1699437735
1,41.4917,9.45087,0,0,1699437735
1,44.9692,8.22179,0,0,1699437735
1,45.854,6.89551,0,0,1699437735
1,43.2279,8.17608,0,0,1699437735
1,41.7985,10.3249,0,0,1699437735
1,39.5396,8.80174,0,0,1699437735
1,33.6511,6.34069,0,0,1699437735
1,28.2826,8.76796,0,0,1699437735
1,28.3681,13.3512,0,0,1699437735
1,33.8891,8.06756,0,0,1699437735
1,39.5322,13.0284,0,0,1699437735
1,41.7672,8.56461,0,0,1699437735
1,38.9128,7.31887,0,0,1699437735
1,31.9427,10.4863,0,0,1699437735
1,28.6258,10.9615,0,0,1699437735
1,30.8196,8.36824,0,0,1699437735
1,33.7588,8.86324,0,0,1699437735
1,37.4403,13.2946,0,0,1699437735
1,42.0619,8.06756,0,0,1699437735
1,45.1842,11.1713,0,0,1699437735
1,46.0726,7.98403,0,0,1699437735
1,44.711,8.57924,0,0,1699437735
1,41.8913,11.6259,0,0,1699437735
1,41.3438,13.748,0,0,1699437735
1,44.927,12.862,0,0,1699437735
1,49.5437,11.9687,0,0,1699437735
1,50.941,11.3302,0,0,1699437735
1,47.3319,9.95551,0,0,1699437735
1,42.9888,8.90641,0,0,1699437735
1,44.6764,8.28326,0,0,1699437735
1,48.9108,8.43291,0,0,1699437735
1,45.6455,8.09608,0,0,1699437735
1,38.4035,5.52991,0,0,1699437735
1,37.943,4.01606,0,0,1699437735
1,41.0024,5.54823,0,0,1699437735
1,40.0981,7.3379,0,0,1699437735
1,36.8654,9.56441,0,0,1699437735
1,34.0541,12.4167,0,0,1699437735
1,33.1432,13.8114,0,0,1699437735
1,36.1417,12.9214,0,0,1699437735
1,41.9255,11.1392,0,0,1699437735
1,45.7454,11.0552,0,0,1699437735
1,42.717,11.3731,0,0,1699437735
1,34.6301,12.2738,0,0,1699437735
1,29.9507,14.5461,0,0,1699437735
1,31.3377,13.0839,0,0,1699437735
1,33.6029,7.77267,0,0,1699437735
1,34.2275,4.59086,0,0,1699437735
1,34.9617,5.52839,0,0,1699437735
1,36.3848,7.66071,0,0,1699437735
1,35.3095,7.39866,0,0,1699437735
1,31.4042,6.88437,0,0,1699437735
1,29.7748,10.2923,0,0,1699437735
1,30.869,12.6175,0,0,1699437735
1,32.2893,9.35776,0,0,1699437735
1,34.6121,6.34359,0,0,1699437735
1,36.6464,6.74967,0,0,1699437735
1,36.9221,7.69715,0,0,1699437735
1,39.0821,7.32438,0,0,1699437735
1,44.2084,5.98477,0,0,1699437735
1,44.5332,6.68711,0,0,1699437735
1,36.746,9.50448,0,0,1699437735
1,29.0921,9.61338,0,0,1699437735
1,29.9418,8.11328,0,0,1699437735
1,36.3621,9.38607,0,0,1699437735
1,38.7782,11.0837,0,0,1699437735
1,38.0942,10.0923,0,0,1699437735
1,43.5087,7.28181,0,0,1699437735
1,49.6228,5.10834,0,0,1699437735
1,44.4333,5.22467,0,0,1699437735
1,36.8563,6.47989,0,0,1699437735
1,37.7344,7.05955,0,0,1699437735
1,40.1278,8.25294,0,0,1699437735
1,39.2592,10.3221,0,0,1699437735
1,36.9908,9.45194,0,0,1699437735
1,34.7237,8.27099,0,0,1699437735
1,35.1148,10.0554,0,0,1699437735
1,38.0047,9.02272,0,0,1699437735
1,39.8077,5.49325,0,0,1699437735
1,39.8406,4.42929,0,0,1699437735
1,41.8855,5.43285,0,0,1699437735
1,45.0957,8.29275,0,0,1699437735
1,42.7191,8.06756,0,0,1699437735
1,36.8172,8.06756,0,0,1699437735
1,34.6505,8.06756,0,0,1699437735
1,36.3593,14.7891,0,0,1699437735
1,38.3655,11.6697,0,0,1699437735
1,37.2432,12.4599,0,0,1699437735
1,36.6585,13.5437,0,0,1699437735
1,40.8165,8.06756,0,0,1699437735
1,43.5754,14.5204,0,0,1699437735
1,41.9518,9.96471,0,0,1699437735
1,42.0741,5.50553,0,0,1699437735
1,46.2478,3.66129,0,0,1699437735
1,47.1836,3.53764,0,0,1699437735
1,42.1948,4.07867,0,0,1699437735
1,38.8097,4.25157,0,0,1699437735
1,38.2345,6.14698,0,0,1699437735
1,35.5916,11.5967,0,0,1699437735
1,34.5083,14.0511,0,0,1699437735
1,40.3701,8.98635,0,0,1699437735
1,46.0163,4.59912,0,0,1699437735
1,43.2721,8.01844,0,0,1699437735
1,37.1383,13.4311,0,0,1699437735
1,33.6116,8.06756,0,0,1699437735
1,32.4956,8.06756,0,0,1699437735
1,35.129,8.06756,0,0,1699437735
1,39.8694,8.06756,0,0,1699437735
1,41.1448,11.5708,0,0,1699437735
1,40.5455,11.626,0,0,1699437735
1,41.4076,13.7082,0,0,1699437735
1,40.3553,12.6648,0,0,1699437735
1,37.0531,7.80232,0,0,1699437735
1,35.9623,4.49052,0,0,1699437735
1,37.5997,4.42453,0,0,1699437735
1,38.8141,5.01425,0,0,1699437735
1,38.5218,6.3773,0,0,1699437735
1,38.7151,7.84339,0,0,1699437735
1,39.9591,6.72909,0,0,1699437735
1,39.4839,4.65112,0,0,1699437735
1,35.7795,4.10318,0,0,1699437735
1,31.9469,4.84481,0,0,1699437735
1,30.3447,6.5733,0,0,1699437735
1,30.2165,8.00462,0,0,1699437735
1,31.6353,10.0476,0,0,1699437735
1,32.4414,12.4786,0,0,1699437735
1,29.8915,11.4012,0,0,1699437735
1,28.4437,9.0256,0,0,1699437735
1,32.0626,10.507,0,0,1699437735
1,37.1949,13.7045,0,0,1699437735
1,39.083,12.7454,0,0,1699437735
1,37.3027,9.19798,0,0,1699437735
1,33.6038,11.5035,0,0,1699437735
1,30.3917,8.06756,0,0,1699437735
1,31.2414,8.06756,0,0,1699437735
1,35.6955,8.06756,0,0,1699437735
1,40.5046,8.06756,0,0,1699437735
1,43.3741,8.06756,0,0,1699437735
1,42.0728,12.9831,0,0,1699437735
1,40.8476,11.7487,0,0,1699437735
1,42.0752,13.1735,0,0,1699437735
1,40.6121,14.4178,0,0,1699437735
1,36.4033,8.06756,0,0,1699437735
1,31.95,8.06756,0,0,1699437735
1,31.7132,8.06756,0,0,1699437735
1,38.2606,10.0902,0,0,1699437735
1,43.1152,11.3515,0,0,1699437735
1,40.3985,13.3805,0,0,1699437735
1,36.0691,9.00229,0,0,1699437735
1,36.1419,3.93072,0,0,1699437735
1,39.6901,4.18462,0,0,1699437735
1,42.9444,8.46162,0,0,1699437735
1,42.0047,14.1125,0,0,1699437735
1,37.0075,8.06756,0,0,1699437735
1,33.0387,13.2081,0,0,1699437735
1,33.2035,6.99022,0,0,1699437735
1,36.5003,4.44992,0,0,1699437735
1,39.1107,3.46611,0,0,1699437735
1,40.3998,2.81449,0,0,1699437735
1,41.6657,4.31045,0,0,1699437735
1,41.1751,5.88765,0,0,1699437735
1,40.3801,7.17142,0,0,1699437735
1,40.4808,9.63293,0,0,1699437735
1,39.5152,10.7601,0,0,1699437735
1,37.8639,8.79997,0,0,1699437735
1,35.472,6.36259,0,0,1699437735
1,32.5501,5.94598,0,0,1699437735
1,31.6348,6.62449,0,0,1699437735
1,33.0842,7.91023,0,0,1699437735
1,36.3484,10.2533,0,0,1699437735
1,41.4311,10.4226,0,0,1699437735
1,44.8869,8.57512,0,0,1699437735
1,42.6168,10.1135,0,0,1699437735
1,38.4167,13.5241,0,0,1699437735
1,38.4723,13.8324,0,0,1699437735
1,40.0554,11.3874,0,0,1699437735
1,38.4935,9.40295,0,0,1699437735
1,35.8623,9.55357,0,0,1699437735
1,35.1652,8.67335,0,0,1699437735
1,36.7521,7.03086,0,0,1699437735
1,38.8096,9.01842,0,0,1699437735
1,38.2588,11.2323,0,0,1699437735
1,34.9869,11.6304,0,0,1699437735
1,31.5528,12.2554,0,0,1699437735
1,29.1618,10.2371,0,0,1699437735
1,30.2228,6.41484,0,0,1699437735
1,35.5595,4.00722,0,0,1699437735
1,39.5832,4.607,0,0,1699437735
1,40.5484,9.72531,0,0,1699437735
1,42.2668,12.6343,0,0,1699437735
1,43.4467,9.18906,0,0,1699437735
1,41.663,7.49446,0,0,1699437735
1,39.2578,10.3929,0,0,1699437735
1,37.455,11.4244,0,0,1699437735
1,35.2299,9.41067,0,0,1699437735
1,32.585,9.60061,0,0,1699437735
1,32.095,13.2561,0,0,1699437735
1,35.5312,8.06756,0,0,1699437735
1,39.073,12.2891,0,0,1699437735
1,42.777,10.6727,0,0,1699437735
1,49.0721,11.4597,0,0,1699437735
1,49.8139,9.92974,0,0,1699437735
1,43.7859,7.3927,0,0,1699437735
1,40.0173,7.31214,0,0,1699437735
1,38.1803,7.16836,0,0,1699437735
1,37.186,5.40677,0,0,1699437735
1,37.8569,4.69909,0,0,1699437735
1,37.1597,5.79883,0,0,1699437735
1,37.9465,6.46032,0,0,1699437735
1,40.2896,6.94644,0,0,1699437735
1,37.6013,9.50107,0,0,1699437735
1,33.558,11.5698,0,0,1699437735
1,34.4236,10.0966,0,0,1699437735
1,36.4069,7.47644,0,0,1699437735
1,36.1666,5.49083,0,0,1699437735
1,34.8573,4.72003,0,0,1699437735
1,34.3961,6.57399,0,0,1699437735
1,36.4156,9.35863,0,0,1699437735
1,39.1732,11.4432,0,0,1699437735
1,43.233,13.5349,0,0,1699437735
1,48.4307,8.06756,0,0,1699437735
1,48.0429,8.06756,0,0,1699437735
1,41.3889,8.06756,0,0,1699437735
1,36.0362,13.43,0,0,1699437735
1,36.4307,10.9506,0,0,1699437735
1,38.3001,9.67294,0,0,1699437735
1,38.6357,8.78113,0,0,1699437735
1,40.9007,8.48214,0,0,1699437735
1,41.7938,6.98975,0,0,1699437735
1,41.1947,5.58106,0,0,1699437735
1,46.4966,7.63985,0,0,1699437735
1,49.276,9.88497,0,0,1699437735
1,42.6647,11.3979,0,0,1699437735
1,38.3812,8.06756,0,0,1699437735
1,37.7484,8.06756,0,0,1699437735
1,33.8676,8.06756,0,0,1699437735
1,29.6203,8.06756,0,0,1699437735
1,28.4834,8.06756,0,0,1699437735
1,32.0787,11.3018,0,0,1699437735
1,36.8545,8.42202,0,0,1699437735
1,38.3143,7.92425,0,0,1699437735
1,38.9352,9.90064,0,0,1699437735
1,37.6893,12.8029,0,0,1699437735
1,33.0515,8.06756,0,0,1699437735
1,29.8786,8.06756,0,0,1699437735
1,30.657,13.5603,0,0,1699437735
1,32.85,12.5162,0,0,1699437735
1,33.8527,12.9601,0,0,1699437735
1,33.2689,11.1633,0,0,1699437735
1,33.2367,6.00693,0,0,1699437735
1,36.0128,5.29451,0,0,1699437735
1,39.2361,11.1977,0,0,1699437735
1,39.8975,8.06756,0,0,1699437735
1,38.4725,8.06756,0,0,1699437735
1,34.0869,12.1271,0,0,1699437735
1,29.3083,8.17575,0,0,1699437735
1,31.3884,6.58524,0,0,1699437735
1,38.7103,7.50636,0,0,1699437735
1,45.0812,6.96643,0,0,1699437735
1,48.4422,6.96056,0,0,1699437735
1,46.2528,8.9744,0,0,1699437735
1,40.9433,8.02173,0,0,1699437735
1,39.5279,7.64492,0,0,1699437735
1,39.4406,13.3267,0,0,1699437735
1,35.1037,8.06756,0,0,1699437735
1,32.127,12.4945,0,0,1699437735
1,33.9899,9.27586,0,0,1699437735
1,35.5395,9.34738,0,0,1699437735
1,36.8705,9.55402,0,0,1699437735
1,41.5515,9.51855,0,0,1699437735
1,48.0682,9.07294,0,0,1699437735
1,50.2553,7.28555,0,0,1699437735
1,46.1889,4.8608,0,0,1699437735
1,41.3106,3.42322,0,0,1699437735
1,38.0754,2.92819,0,0,1699437735
1,36.3356,4.04116,0,0,1699437735
1,36.6402,8.3851,0,0,1699437735
1,38.3161,12.5034,0,0,1699437735
1,40.3892,11.4228,0,0,1699437735
1,42.1451,8.42366,0,0,1699437735
1,44.4041,9.67942,0,0,1699437735
1,45.2095,12.6424,0,0,1699437735
1,42.2887,11.875,0,0,1699437735
1,39.8909,7.85326,0,0,1699437735
1,38.8014,4.25621,0,0,1699437735
1,37.4381,3.30884,0,0,1699437735
1,39.8599,5.40422,0,0,1699437735
1,45.4908,9.86112,0,0,1699437735
1,48.2805,13.0272,0,0,1699437735
1,48.3342,12.6083,0,0,1699437735
1,48.3724,11.8313,0,0,1699437735
1,46.3521,12.4376,0,0,1699437735
1,41.5919,12.7326,0,0,1699437735
1,37.2144,10.7039,0,0,1699437735
1,36.1484,6.03792,0,0,1699437735
1,38.3017,3.51366,0,0,1699437735
1,39.0862,5.32251,0,0,1699437735
1,37.2026,7.67372,0,0,1699437735
1,38.1978,9.60447,0,0,1699437735
1,42.918,9.88569,0,0,1699437735
1,45.2699,7.31566,0,0,1699437735
1,42.0656,5.03813,0,0,1699437735
1,34.8074,4.07069,0,0,1699437735
1,30.9633,5.23756,0,0,1699437735
1,35.6203,8.7067,0,0,1699437735
1,38.8464,12.1585,0,0,1699437735
1,35.628,8.06756,0,0,1699437735
1,33.0813,8.06756,0,0,1699437735
1,32.2835,10.5582,0,0,1699437735
1,35.4396,6.98006,0,0,1699437735
1,43.0203,4.8849,0,0,1699437735
1,43.5842,5.12479,0,0,1699437735
1,36.0331,9.92745,0,0,1699437735
1,32.5502,14.7065,0,0,1699437735
1,34.9236,14.4624,0,0,1699437735
1,36.229,13.069,0,0,1699437735
1,36.1049,14.702,0,0,1699437735
1,37.4424,14.6293,0,0,1699437735
1,39.3275,10.4017,0,0,1699437735
1,42.5715,6.32034,0,0,1699437735
1,46.7265,6.40922,0,0,1699437735
1,47.3407,9.49056,0,0,1699437735
1,45.2277,10.1434,0,0,1699437735
1,41.3186,8.96541,0,0,1699437735
1,35.3384,8.44444,0,0,1699437735
1,32.5086,8.29514,0,0,1699437735
1,34.2832,10.5369,0,0,1699437735
1,36.9862,13.3814,0,0,1699437735
1,38.8534,13.5046,0,0,1699437735
1,40.7844,12.7608,0,0,1699437735
1,43.5302,13.6518,0,0,1699437735
1,43.3297,13.7646,0,0,1699437735
1,39.5125,11.4585,0,0,1699437735
1,36.6459,10.4438,0,0,1699437735
1,35.0145,10.1044,0,0,1699437735
1,34.1651,8.54723,0,0,1699437735
1,34.3286,8.6618,0,0,1699437735
1,34.1308,9.45069,0,0,1699437735
1,35.6434,8.23563,0,0,1699437735
1,38.973,6.86878,0,0,1699437735
1,40.5953,7.14623,0,0,1699437735
1,40.2026,7.30597,0,0,1699437735
1,39.1096,5.15317,0,0,1699437735
1,38.2414,2.06583,0,0,1699437735
1,36.3069,8.06756,0,0,1699437735
1,31.9732,4.09297,0,0,1699437735
1,29.0867,8.33984,0,0,1699437735
1,30.8987,8.65578,0,0,1699437735
1,34.4959,7.5443,0,0,1699437735
1,37.4908,9.49589,0,0,1699437735
1,40.6404,10.1528,0,0,1699437735
1,41.5505,9.69208,0,0,1699437735
1,37.8765,12.9615,0,0,1699437735
1,34.3676,14.083,0,0,1699437735
1,34.3526,9.24002,0,0,1699437735
1,35.2465,6.78461,0,0,1699437735
1,36.8987,9.71003,0,0,1699437735
1,39.0547,10.6375,0,0,1699437735
1,39.4748,6.44599,0,0,1699437735
1,41.747,4.59691,0,0,1699437735
1,46.1462,8.08902,0,0,1699437735
1,45.7321,9.30353,0,0,1699437735
1,41.3623,6.54397,0,0,1699437735
1,37.5594,6.19033,0,0,1699437735
1,34.8353,11.746,0,0,1699437735
1,35.4762,8.06756,0,0,1699437735
1,39.2811,13.1673,0,0,1699437735
1,42.8276,7.5507,0,0,1699437735
1,43.7698,6.19397,0,0,1699437735
1,41.2205,6.77516,0,0,1699437735
1,39.6481,8.12311,0,0,1699437735
1,40.274,8.73699,0,0,1699437735
1,38.0843,6.53147,0,0,1699437735
1,35.9963,3.86687,0,0,1699437735
1,37.3861,3.63736,0,0,1699437735
1,37.1784,4.99907,0,0,1699437735
1,36.6388,7.28656,0,0,1699437735
1,38.4954,10.2683,0,0,1699437735
1,37.4368,10.922,0,0,1699437735
1,36.9503,7.68637,0,0,1699437735
1,44.2325,6.62977,0,0,1699437735
1,49.1245,11.5266,0,0,1699437735
1,42.1738,14.3181,0,0,1699437735
1,33.9054,11.3234,0,0,1699437735
1,33.4061,7.9275,0,0,1699437735
1,36.2392,5.32959,0,0,1699437735
1,38.7495,3.24153,0,0,1699437735
1,41.6489,2.73254,0,0,1699437735
1,43.7032,3.27927,0,0,1699437735
1,43.2619,3.64654,0,0,1699437735
1,40.8488,5.29782,0,0,1699437735
1,37.2749,9.29578,0,0,1699437735
1,34.7641,10.7768,0,0,1699437735
1,35.6497,9.5991,0,0,1699437735
1,36.872,10.9042,0,0,1699437735
1,34.9748,12.8879,0,0,1699437735
1,33.1573,11.3165,0,0,1699437735
1,36.541,7.50121,0,0,1699437735
1,42.6354,6.14173,0,0,1699437735
1,43.892,7.28759,0,0,1699437735
1,42.1396,8.69163,0,0,1699437735
1,42.9239,10.6986,0,0,1699437735
1,42.4091,10.6855,0,0,1699437735
1,39.6395,9.42305,0,0,1699437735
1,37.7822,9.60572,0,0,1699437735
1,34.6709,8.10436,0,0,1699437735
1,33.038,5.3585,0,0,1699437735
1,36.8905,4.13889,0,0,1699437735
1,40.8901,4.80999,0,0,1699437735
1,40.2727,8.22833,0,0,1699437735
1,38.6491,12.0624,0,0,1699437735
1,39.7492,13.0306,0,0,1699437735
1,39.4942,12.9839,0,0,1699437735
1,36.1045,8.06756,0,0,1699437735
1,35.6485,8.06756,0,0,1699437735
1,36.3196,8.06756,0,0,1699437735
1,32.6351,11.4722,0,0,1699437735
1,29.8876,5.35238,0,0,1699437735
1,31.5269,5.55261,0,0,1699437735
1,35.2863,9.91936,0,0,1699437735
1,38.8936,12.2803,0,0,1699437735
1,37.4131,12.7577,0,0,1699437735
1,35.6805,12.1595,0,0,1699437735
1,39.8815,8.09815,0,0,1699437735
1,43.6798,5.52479,0,0,1699437735
1,45.14,9.18404,0,0,1699437735
1,43.7457,12.5715,0,0,1699437735
1,37.5116,11.9393,0,0,1699437735
1,31.4707,11.0129,0,0,1699437735
1,30.4203,10.6803,0,0,1699437735
1,35.6475,9.95418,0,0,1699437735
1,40.3292,9.11823,0,0,1699437735
1,37.6478,8.50264,0,0,1699437735
1,36.1496,7.61126,0,0,1699437735
1,43.8895,7.214,0,0,1699437735
1,39.5243,8.17522,0,0,1699437735
1,50.8874,7.30715,0,0,1699437735
1,44.6698,5.32092,0,0,1699437735
1,40.9929,6.02755,0,0,1699437735
1,40.4144,7.34013,0,0,1699437735
1,41.1222,7.31436,0,0,1699437735
1,41.0178,6.81249,0,0,1699437735
1,41.7193,5.9654,0,0,1699437735
1,45.8032,5.98494,0,0,1699437735
1,47.6653,8.02472,0,0,1699437735
1,42.8685,9.35715,0,0,1699437735
1,36.3574,9.58011,0,0,1699437735
1,33.5153,12.983,0,0,1699437735
1,33.4807,8.06756,0,0,1699437735
1,33.1495,11.3798,0,0,1699437735
1,30.7642,5.79513,0,0,1699437735
1,39.5243,5.32147,0,0,1699437735
1,39.5243,7.18654,0,0,1699437735
1,36.655,7.09643,0,0,1699437735
1,46.2754,6.96026,0,0,1699437735
1,45.4428,10.4145,0,0,1699437735
1,38.1634,12.2557,0,0,1699437735
1,33.8523,7.9067,0,0,1699437735
1,33.7624,3.51633,0,0,1699437735
1,34.6204,4.54862,0,0,1699437735
1,33.5118,8.48141,0,0,1699437735
1,31.9481,10.6909,0,0,1699437735
1,32.9842,11.7515,0,0,1699437735
1,35.6592,14.5634,0,0,1699437735
1,40.988,8.06756,0,0,1699437735
1,47.4564,14.1014,0,0,1699437735
1,48.7139,11.272,0,0,1699437735
1,44.9932,9.64273,0,0,1699437735
1,39.5631,8.63833,0,0,1699437735
1,34.1558,8.90798,0,0,1699437735
1,33.1805,8.86114,0,0,1699437735
1,34.8009,8.60416,0,0,1699437735
1,34.5079,10.2339,0,0,1699437735
1,37.5223,9.08622,0,0,1699437735
1,42.7521,4.76111,0,0,1699437735
1,41.6241,3.11516,0,0,1699437735
1,38.113,3.49244,0,0,1699437735
1,39.1605,6.862,0,0,1699437735
1,42.1391,13.7187,0,0,1699437735
1,42.8501,8.06756,0,0,1699437735
1,40.7784,10.3819,0,0,1699437735
1,37.3294,10.0286,0,0,1699437735
1,35.0715,12.7213,0,0,1699437735
1,35.1332,12.2729,0,0,1699437735
1,35.8927,13.2912,0,0,1699437735
1,37.7145,8.06756,0,0,1699437735
1,39.1427,12.3853,0,0,1699437735
1,37.2735,7.50268,0,0,1699437735
1,36.3372,3.83896,0,0,1699437735
1,38.9167,4.91868,0,0,1699437735
1,40.5961,10.8096,0,0,1699437735
1,38.292,8.06756,0,0,1699437735
1,34.3932,8.06756,0,0,1699437735
1,34.7416,8.06756,0,0,1699437735
1,39.5253,14.4596,0,0,1699437735
1,42.4648,12.2351,0,0,1699437735
1,39.5469,8.68663,0,0,1699437735
1,33.7755,5.76011,0,0,1699437735
1,31.1997,3.24554,0,0,1699437735
1,32.7661,3.05249,0,0,1699437735
1,36.1799,7.21039,0,0,1699437735
1,38.5036,11.2335,0,0,1699437735
1,37.0214,10.7344,0,0,1699437735
1,34.562,7.40206,0,0,1699437735
1,35.0709,5.2258,0,0,1699437735
1,37.8448,6.64376,0,0,1699437735
1,40.8494,9.83814,0,0,1699437735
1,42.3354,12.5245,0,0,1699437735
1,41.6555,8.06756,0,0,1699437735
1,40.08,8.06756,0,0,1699437735
1,38.6713,8.06756,0,0,1699437735
1,36.4636,12.5948,0,0,1699437735
1,34.2207,6.49516,0,0,1699437735
1,36.9177,4.38416,0,0,1699437735
1,42.7113,6.30473,0,0,1699437735
1,43.4207,9.02754,0,0,1699437735
1,40.3831,10.8206,0,0,1699437735
1,37.6989,11.3091,0,0,1699437735
1,33.7635,10.5464,0,0,1699437735
1,30.1896,11.7628,0,0,1699437735
1,30.5814,13.6489,0,0,1699437735
1,34.7134,10.8571,0,0,1699437735
1,39.0427,7.12472,0,0,1699437735
1,40.7548,6.14871,0,0,1699437735
1,39.6224,6.46517,0,0,1699437735
1,34.7954,8.68767,0,0,1699437735
1,29.6042,11.086,0,0,1699437735
1,29.8773,10.9233,0,0,1699437735
1,33.0054,11.0859,0,0,1699437735
1,34.5717,12.8268,0,0,1699437735
1,36.1443,11.5915,0,0,1699437735
1,39.4483,9.33369,0,0,1699437735
1,43.0011,11.4807,0,0,1699437735
1,44.8675,13.9426,0,0,1699437735
1,45.7669,11.171,0,0,1699437735
1,46.7064,6.03687,0,0,1699437735
1,47.431,4.66126,0,0,1699437735
1,46.2877,6.41285,0,0,1699437735
1,41.6023,7.67073,0,0,1699437735
1,38.5284,8.63352,0,0,1699437735
1,40.4606,8.17391,0,0,1699437735
1,40.238,6.24178,0,0,1699437735
1,36.5488,5.7899,0,0,1699437735
1,37.9689,6.87369,0,0,1699437735
1,45.3324,7.93506,0,0,1699437735
1,49.5303,8.42216,0,0,1699437735
1,46.105,9.92897,0,0,1699437735
1,40.8327,12.5562,0,0,1699437735
1,37.739,11.5172,0,0,1699437735
1,36.9511,7.53271,0,0,1699437735
1,39.7561,5.24312,0,0,1699437735
1,42.1637,3.61042,0,0,1699437735
1,42.1611,3.20264,0,0,1699437735
1,44.7698,4.99763,0,0,1699437735
1,47.3158,6.82965,0,0,1699437735
1,43.3888,10.215,0,0,1699437735
1,37.2549,13.555,0,0,1699437735
1,37.5948,12.3072,0,0,1699437735
1,42.5748,8.53517,0,0,1699437735
1,43.6756,6.35518,0,0,1699437735
1,39.2812,6.20914,0,0,1699437735
1,32.6571,5.8167,0,0,1699437735
1,28.676,4.79562,0,0,1699437735
1,31.852,5.23925,0,0,1699437735
1,39.1066,6.6797,0,0,1699437735
1,42.873,7.34472,0,0,1699437735
1,40.5522,8.94987,0,0,1699437735
1,36.6473,12.8281,0,0,1699437735
1,35.0726,13.9068,0,0,1699437735
1,34.5576,9.57531,0,0,1699437735
1,33.3233,4.94526,0,0,1699437735
1,31.0333,4.96246,0,0,1699437735
1,30.7955,9.80911,0,0,1699437735
1,37.2575,12.6778,0,0,1699437735
1,46.2002,10.2947,0,0,1699437735
1,47.2726,8.8783,0,0,1699437735
1,41.8083,10.2136,0,0,1699437735
1,40.0128,12.5166,0,0,1699437735
1,41.1772,14.8594,0,0,1699437735
1,39.9518,13.2812,0,0,1699437735
1,38.4212,8.58495,0,0,1699437735
1,38.2052,6.43392,0,0,1699437735
1,39.0342,7.08991,0,0,1699437735
1,42.1497,7.16947,0,0,1699437735
1,45.6567,7.44605,0,0,1699437735
1,45.0147,11.4855,0,0,1699437735
1,40.6883,8.06756,0,0,1699437735
1,36.1508,8.06756,0,0,1699437735
1,32.4468,12.5193,0,0,1699437735
1,30.9653,10.9628,0,0,1699437735
1,32.1883,10.7669,0,0,1699437735
1,34.9028,9.85843,0,0,1699437735
1,38.1605,9.77736,0,0,1699437735
1,39.8646,8.53233,0,0,1699437735
1,41.4569,6.87453,0,0,1699437735
1,42.2934,8.40665,0,0,1699437735
1,38.5243,8.46295,0,0,1699437735
1,35.7917,5.2304,0,0,1699437735
1,38.9379,4.81828,0,0,1699437735
1,43.0979,7.0935,0,0,1699437735
1,43.2038,7.6379,0,0,1699437735
1,39.3068,6.87762,0,0,1699437735
1,35.6081,6.60748,0,0,1699437735
1,34.9842,6.75214,0,0,1699437735
1,37.5427,7.0749,0,0,1699437735
1,39.9713,6.63773,0,0,1699437735
1,38.1267,6.84511,0,0,1699437735
1,34.6171,9.68368,0,0,1699437735
1,33.2361,10.5997,0,0,1699437735
1,31.7344,6.93682,0,0,1699437735
1,28.6144,6.43853,0,0,1699437735
1,29.6179,10.6877,0,0,1699437735
1,34.263,11.3551,0,0,1699437735
1,35.6065,9.86857,0,0,1699437735
1,36.954,9.97643,0,0,1699437735
1,40.8553,7.46789,0,0,1699437735
1,41.1117,4.34474,0,0,1699437735
1,36.3173,4.65394,0,0,1699437735
1,32.2956,6.28547,0,0,1699437735
1,33.646,8.58622,0,0,1699437735
1,36.5104,11.7501,0,0,1699437735
1,37.7209,13.0284,0,0,1699437735
1,39.1098,11.9011,0,0,1699437735
1,39.4062,11.2835,0,0,1699437735
1,41.0665,10.6215,0,0,1699437735
1,44.3048,10.5253,0,0,1699437735
1,41.6032,13.9811,0,0,1699437735
1,36.8954,8.06756,0,0,1699437735
1,37.4395,10.9779,0,0,1699437735
1,38.7851,6.57299,0,0,1699437735
1,39.1862,6.30332,0,0,1699437735
1,40.3858,8.68025,0,0,1699437735
1,40.4661,11.2709,0,0,1699437735
1,41.1808,14.5193,0,0,1699437735
1,44.9803,8.06756,0,0,1699437735
1,46.9456,12.6016,0,0,1699437735
1,44.5818,5.57526,0,0,1699437735
1,41.1239,2.86887,0,0,1699437735
1,37.1962,2.16059,0,0,1699437735
1,35.7147,1.34212,0,0,1699437735
1,39.438,2.47542,0,0,1699437735
1,42.075,4.95785,0,0,1699437735
1,40.716,5.4232,0,0,1699437735
1,41.2728,3.92281,0,0,1699437735
1,43.3385,3.68614,0,0,1699437735
1,40.3467,4.55221,0,0,1699437735
1,35.9552,4.66252,0,0,1699437735
1,37.6683,4.5998,0,0,1699437735
1,41.1651,4.98957,0,0,1699437735
1,41.2447,5.8134,0,0,1699437735
1,40.1706,9.19602,0,0,1699437735
1,38.8534,14.7487,0,0,1699437735
1,36.5722,8.06756,0,0,1699437735
1,35.3645,10.0394,0,0,1699437735
1,38.8105,4.42497,0,0,1699437735
1,43.8175,2.78668,0,0,1699437735
1,43.2927,4.78004,0,0,1699437735
1,39.4751,9.80756,0,0,1699437735
1,38.6049,13.5833,0,0,1699437735
1,39.8555,14.8816,0,0,1699437735
1,39.7244,8.06756,0,0,1699437735
1,39.3852,8.06756,0,0,1699437735
1,39.6737,12.5566,0,0,1699437735
1,38.7276,6.48416,0,0,1699437735
1,38.6672,5.21994,0,0,1699437735
1,40.11,7.45421,0,0,1699437735
1,40.0224,10.9642,0,0,1699437735
1,37.3034,13.2534,0,0,1699437735
1,33.0601,11.2536,0,0,1699437735
1,32.6327,8.66353,0,0,1699437735
1,36.7253,7.8417,0,0,1699437735
1,38.0116,5.72806,0,0,1699437735
1,36.6771,5.21207,0,0,1699437735
1,37.7088,8.81548,0,0,1699437735
1,39.2066,11.5328,0,0,1699437735
1,38.3534,11.704,0,0,1699437735
1,34.4234,10.3078,0,0,1699437735
1,28.1059,7.52178,0,0,1699437735
1,39.5243,5.99881,0,0,1699437735
1,28.0603,6.10689,0,0,1699437735
1,35.959,6.16733,0,0,1699437735
1,39.3544,7.05368,0,0,1699437735
1,35.5669,8.19881,0,0,1699437735
1,35.159,7.05098,0,0,1699437735
1,42.2339,6.61203,0,0,1699437735
1,44.6887,8.98243,0,0,1699437735
1,40.2994,9.43697,0,0,1699437735
1,38.7999,7.72605,0,0,1699437735
1,38.8192,5.72806,0,0,1699437735
1,35.5215,4.33223,0,0,1699437735
1,31.0077,7.04254,0,0,1699437735
1,28.8159,11.3008,0,0,1699437735
1,30.9704,12.0106,0,0,1699437735
1,34.5583,10.8886,0,0,1699437735
1,36.6344,10.899,0,0,1699437735
1,39.0002,11.2629,0,0,1699437735
1,42.3382,10.1008,0,0,1699437735
1,43.7527,7.46388,0,0,1699437735
1,41.8413,5.03843,0,0,1699437735
1,38.8729,3.94183,0,0,1699437735
1,35.4886,4.21628,0,0,1699437735
1,34.1142,5.11548,0,0,1699437735
1,38.6935,5.2674,0,0,1699437735
1,42.8585,5.23424,0,0,1699437735
1,42.353,5.83836,0,0,1699437735
1,41.9689,5.81253,0,0,1699437735
1,41.0072,5.22615,0,0,1699437735
1,37.7425,4.77294,0,0,1699437735
1,34.7637,7.09237,0,0,1699437735
1,33.726,12.9628,0,0,1699437735
1,33.6435,14.3076,0,0,1699437735
1,33.0414,9.81908,0,0,1699437735
1,34.2904,7.73522,0,0,1699437735
1,38.5623,9.4937,0,0,1699437735
1,40.4053,10.7221,0,0,1699437735
1,34.9791,8.27638,0,0,1699437735
1,29.0616,5.62103,0,0,1699437735
1,31.8329,6.06906,0,0,1699437735
1,37.4599,6.25803,0,0,1699437735
1,38.8347,5.48862,0,0,1699437735
1,39.026,6.27088,0,0,1699437735
1,39.164,9.11132,0,0,1699437735
1,38.8363,11.6473,0,0,1699437735
1,41.9894,11.3578,0,0,1699437735
1,49.881,9.26908,0,0,1699437735
1,39.5243,7.12125,0,0,1699437735
1,49.7284,5.28765,0,0,1699437735
1,42.1755,3.84478,0,0,1699437735
1,37.3469,4.30225,0,0,1699437735
1,34.2058,7.49447,0,0,1699437735
1,33.6717,10.0011,0,0,1699437735
1,37.4253,8.83107,0,0,1699437735
1,42.0095,5.22318,0,0,1699437735
1,44.115,3.33218,0,0,1699437735
1,45.5838,4.91612,0,0,1699437735
1,45.5145,7.10713,0,0,1699437735
1,43.8272,8.39271,0,0,1699437735
1,43.1931,10.3705,0,0,1699437735
1,40.0156,13.4572,0,0,1699437735
1,34.0475,14.5236,0,0,1699437735
1,31.9106,12.649,0,0,1699437735
1,33.6346,10.3191,0,0,1699437735
1,33.6667,7.90898,0,0,1699437735
1,31.5015,6.84557,0,0,1699437735
1,31.0399,8.13959,0,0,1699437735
1,34.5027,9.05285,0,0,1699437735
1,40.2805,7.86273,0,0,1699437735
1,44.0799,6.69594,0,0,1699437735
1,43.9225,7.53357,0,0,1699437735
1,41.8063,8.20119,0,0,1699437735
1,40.8014,8.12266,0,0,1699437735
1,40.9009,8.65541,0,0,1699437735
1,39.3656,9.56451,0,0,1699437735
1,37.3036,12.0682,0,0,1699437735
1,38.3638,8.06756,0,0,1699437735
1,41.7566,14.4661,0,0,1699437735
1,43.2669,11.5837,0,0,1699437735
1,41.1518,14.2058,0,0,1699437735
1,34.8618,8.06756,0,0,1699437735
1,39.5243,8.06756,0,0,1699437735
1,39.5243,11.2392,0,0,1699437735
1,28.6438,11.3671,0,0,1699437735
1,33.4592,13.4418,0,0,1699437735
1,35.0444,11.1302,0,0,1699437735
1,41.9923,6.86849,0,0,1699437735
1,49.6317,4.86469,0,0,1699437735
1,48.2283,4.86459,0,0,1699437735
1,42.7002,5.10717,0,0,1699437735
1,38.7423,4.35824,0,0,1699437735
1,35.7974,3.79295,0,0,1699437735
1,34.886,6.96408,0,0,1699437735
1,35.5508,11.6139,0,0,1699437735
1,38.2537,12.0738,0,0,1699437735
1,44.0678,9.92069,0,0,1699437735
1,47.7093,10.6456,0,0,1699437735
1,45.5836,13.2075,0,0,1699437735
1,40.8823,14.2663,0,0,1699437735
1,37.9487,13.7564,0,0,1699437735
1,38.8549,11.0581,0,0,1699437735
1,40.6453,7.21341,0,0,1699437735
1,40.7279,4.95387,0,0,1699437735
1,38.9945,4.51346,0,0,1699437735
1,35.6058,4.92322,0,0,1699437735
1,37.1351,5.55798,0,0,1699437735
1,45.3455,6.06914,0,0,1699437735
1,49.2766,6.17915,0,0,1699437735
1,46.0981,5.67333,0,0,1699437735
1,42.6933,5.5611,0,0,1699437735
1,41.7835,7.63398,0,0,1699437735
1,41.8271,9.88969,0,0,1699437735
1,39.8853,8.47373,0,0,1699437735
1,36.4395,5.64337,0,0,1699437735
1,35.0739,6.82475,0,0,1699437735
1,37.9834,9.95445,0,0,1699437735
1,42.9649,8.75659,0,0,1699437735
1,43.1453,6.57368,0,0,1699437735
1,39.7418,8.44238,0,0,1699437735
1,42.1697,9.7005,0,0,1699437735
1,47.7728,8.37014,0,0,1699437735
1,48.1856,9.45378,0,0,1699437735
1,44.4834,11.8852,0,0,1699437735
1,42.7498,9.57302,0,0,1699437735
1,45.5563,5.98321,0,0,1699437735
1,46.405,6.55032,0,0,1699437735
1,44.0375,6.66222,0,0,1699437735
1,43.9959,4.80191,0,0,1699437735
1,42.786,5.16585,0,0,1699437735
1,37.701,8.17069,0,0,1699437735
1,32.4352,12.9463,0,0,1699437735
1,29.6797,8.06756,0,0,1699437735
1,31.8844,12.1177,0,0,1699437735
1,37.9235,6.83767,0,0,1699437735
1,40.1002,3.65428,0,0,1699437735
1,37.6114,2.29981,0,0,1699437735
1,38.6945,3.04917,0,0,1699437735
1,41.8761,4.06809,0,0,1699437735
1,41.1105,4.95569,0,0,1699437735
1,40.7956,6.02202,0,0,1699437735
1,44.0506,5.50922,0,0,1699437735
1,44.8802,4.97325,0,0,1699437735
1,42.222,5.69112,0,0,1699437735
1,38.9393,6.4775,0,0,1699437735
1,35.7838,7.46249,0,0,1699437735
1,38.2448,7.7615,0,0,1699437735
1,45.5435,6.20505,0,0,1699437735
1,45.9395,4.3756,0,0,1699437735
1,37.8959,4.98362,0,0,1699437735
1,32.4896,7.33795,0,0,1699437735
1,33.9687,7.7315,0,0,1699437735
1,36.2123,5.96468,0,0,1699437735
1,37.182,3.99486,0,0,1699437735
1,37.9199,3.63497,0,0,1699437735
1,38.3743,5.17076,0,0,1699437735
1,42.0184,6.54958,0,0,1699437735
1,47.0864,8.60552,0,0,1699437735
1,47.9341,9.73954,0,0,1699437735
1,44.7198,8.19931,0,0,1699437735
1,41.3976,9.18312,0,0,1699437735
1,40.7486,12.4074,0,0,1699437735
1,38.8905,12.8551,0,0,1699437735
1,32.4017,11.3096,0,0,1699437735
1,39.5243,10.6743,0,0,1699437735
1,32.2136,10.9786,0,0,1699437735
1,45.1754,9.66426,0,0,1699437735
1,50.7149,6.67094,0,0,1699437735
1,47.967,4.49743,0,0,1699437735
1,46.0879,4.68442,0,0,1699437735
1,44.8509,6.32821,0,0,1699437735
1,42.6068,5.80815,0,0,1699437735
1,40.3601,2.9529,0,0,1699437735
1,37.5802,1.3423,0,0,1699437735
1,34.8124,2.84238,0,0,1699437735
1,37.2941,6.84072,0,0,1699437735
1,43.9379,10.6436,0,0,1699437735
1,46.1799,12.2902,0,0,1699437735
1,44.2825,11.9136,0,0,1699437735
1,42.5847,9.7367,0,0,1699437735
1,42.6532,6.68065,0,0,1699437735
1,44.6792,5.29066,0,0,1699437735
1,45.8125,6.2941,0,0,1699437735
1,44.492,6.58522,0,0,1699437735
1,40.8164,4.81384,0,0,1699437735
1,36.4334,3.34925,0,0,1699437735
1,34.823,2.89788,0,0,1699437735
1,37.3881,2.36765,0,0,1699437735
1,41.1074,2.33828,0,0,1699437735
1,40.9923,4.51391,0,0,1699437735
1,39.0952,8.1934,0,0,1699437735
1,40.3765,9.63593,0,0,1699437735
1,42.2964,7.52254,0,0,1699437735
1,41.1662,4.41886,0,0,1699437735
1,39.1162,2.78136,0,0,1699437735
1,39.2456,4.43905,0,0,1699437735
1,41.2662,7.84183,0,0,1699437735
1,43.4698,9.26268,0,0,1699437735
1,43.7188,8.22842,0,0,1699437735
1,38.9202,8.04193,0,0,1699437735
1,32.6241,11.2174,0,0,1699437735
1,33.9112,12.2411,0,0,1699437735
1,39.1912,9.21281,0,0,1699437735
1,40.0534,9.68481,0,0,1699437735
1,40.4018,11.4915,0,0,1699437735
1,42.4301,8.29212,0,0,1699437735
1,43.4716,4.18724,0,0,1699437735
1,43.7486,2.95389,0,0,1699437735
1,41.8011,3.29383,0,0,1699437735
1,37.7151,4.22747,0,0,1699437735
1,33.7742,4.93051,0,0,1699437735
1,32.044,6.48802,0,0,1699437735
1,34.0324,10.0153,0,0,1699437735
1,36.7796,12.3459,0,0,1699437735
1,39.7285,11.6421,0,0,1699437735
1,46.6092,10.062,0,0,1699437735
1,39.5243,9.31515,0,0,1699437735
1,39.5243,8.76647,0,0,1699437735
1,48.0205,8.92191,0,0,1699437735
1,45.4003,11.8039,0,0,1699437735
1,41.8468,14.2043,0,0,1699437735
1,41.9263,12.5763,0,0,1699437735
1,46.4695,9.76584,0,0,1699437735
1,44.4205,7.47698,0,0,1699437735
1,37.1379,5.13591,0,0,1699437735
1,36.0915,4.27897,0,0,1699437735
1,39.5441,5.62667,0,0,1699437735
1,43.1351,6.81249,0,0,1699437735
1,46.0269,5.36756,0,0,1699437735
1,44.6206,2.78091,0,0,1699437735
1,40.2398,3.6869,0,0,1699437735
1,36.4352,7.56824,0,0,1699437735
1,34.7386,8.45676,0,0,1699437735
1,35.8454,6.69362,0,0,1699437735
1,37.2523,6.82677,0,0,1699437735
1,38.6965,8.98046,0,0,1699437735
1,41.8103,10.4194,0,0,1699437735
1,45.298,8.37082,0,0,1699437735
1,46.1516,6.28182,0,0,1699437735
1,42.3122,8.45636,0,0,1699437735
1,36.8343,10.4924,0,0,1699437735
1,36.0079,11.692,0,0,1699437735
1,40.6464,13.7155,0,0,1699437735
1,44.3949,11.2867,0,0,1699437735
1,43.4927,6.50749,0,0,1699437735
1,41.5842,6.87404,0,0,1699437735
1,42.9082,9.5106,0,0,1699437735
1,47.0614,9.39177,0,0,1699437735
1,49.5427,7.23285,0,0,1699437735
1,46.2926,4.27952,0,0,1699437735
1,39.8558,2.05264,0,0,1699437735
1,35.9671,2.05966,0,0,1699437735
1,34.8599,2.86862,0,0,1699437735
1,35.2638,2.83407,0,0,1699437735
1,36.8488,3.54308,0,0,1699437735
1,38.1352,6.73033,0,0,1699437735
1,41.4226,9.49525,0,0,1699437735
1,47.9673,9.58468,0,0,1699437735
1,39.5243,9.39223,0,0,1699437735
1,48.3674,8.95386,0,0,1699437735
1,41.8406,6.85607,0,0,1699437735
1,38.4679,5.32344,0,0,1699437735
1,37.5311,5.51862,0,0,1699437735
1,35.3413,5.09316,0,0,1699437735
1,33.5177,4.28199,0,0,1699437735
1,35.2438,5.76435,0,0,1699437735
1,39.0197,9.73062,0,0,1699437735
1,40.4073,12.7226,0,0,1699437735
1,39.2333,11.5399,0,0,1699437735
1,38.3878,10.4071,0,0,1699437735
1,37.3275,12.3993,0,0,1699437735
1,37.4867,11.5489,0,0,1699437735
1,42.4476,7.61299,0,0,1699437735
1,48.0855,6.47147,0,0,1699437735
1,47.7767,7.8098,0,0,1699437735
1,44.6738,8.35922,0,0,1699437735
1,45.756,6.96054,0,0,1699437735
1,46.7932,4.77223,0,0,1699437735
1,43.5158,3.64836,0,0,1699437735
1,43.4556,3.40894,0,0,1699437735
1,45.089,4.04996,0,0,1699437735
1,40.0867,5.67896,0,0,1699437735
1,34.503,6.32352,0,0,1699437735
1,33.3637,5.10762,0,0,1699437735
1,33.3796,4.49081,0,0,1699437735
1,35.6575,6.50768,0,0,1699437735
1,40.4654,8.05762,0,0,1699437735
1,43.616,6.16304,0,0,1699437735
1,43.9615,3.82447,0,0,1699437735
1,42.7674,3.68566,0,0,1699437735
1,40.2943,3.91777,0,0,1699437735
1,38.55,4.89107,0,0,1699437735
1,41.5841,8.14298,0,0,1699437735
1,47.7649,8.9733,0,0,1699437735
1,50.1685,5.72666,0,0,1699437735
1,48.3815,3.98523,0,0,1699437735
1,46.0205,5.4718,0,0,1699437735
1,44.1265,9.05307,0,0,1699437735
1,43.9361,12.3485,0,0,1699437735
1,44.6239,12.4464,0,0,1699437735
1,43.9195,10.462,0,0,1699437735
1,42.2532,8.85106,0,0,1699437735
1,41.3764,8.29217,0,0,1699437735
1,41.6878,7.11553,0,0,1699437735
1,42.2705,4.87598,0,0,1699437735
1,43.1163,3.19255,0,0,1699437735
1,44.2043,2.51875,0,0,1699437735
1,45.8295,3.07062,0,0,1699437735
1,48.2896,4.44281,0,0,1699437735
1,49.0443,6.24636,0,0,1699437735
1,47.7952,10.1894,0,0,1699437735
1,46.5649,8.06756,0,0,1699437735
1,43.9061,14.8181,0,0,1699437735
1,41.2441,8.49912,0,0,1699437735
1,41.4756,3.84235,0,0,1699437735
1,41.6084,4.56008,0,0,1699437735
1,40.8563,8.30401,0,0,1699437735
1,42.4031,9.3645,0,0,1699437735
1,46.8495,5.66524,0,0,1699437735
1,50.5418,3.53924,0,0,1699437735
1,48.7095,5.40194,0,0,1699437735
1,43.4355,7.24368,0,0,1699437735
1,40.7105,9.65247,0,0,1699437735
1,41.5587,12.8037,0,0,1699437735
1,42.732,12.2464,0,0,1699437735
1,43.1594,9.79769,0,0,1699437735
1,44.6819,9.85031,0,0,1699437735
1,44.6528,9.35054,0,0,1699437735
1,42.4172,6.95189,0,0,1699437735
1,42.8456,7.61379,0,0,1699437735
1,43.351,10.1222,0,0,1699437735
1,42.1504,7.85001,0,0,1699437735
1,43.7747,4.87805,0,0,1699437735
1,47.0596,7.48629,0,0,1699437735
1,47.3744,10.262,0,0,1699437735
1,43.0614,9.16419,0,0,1699437735
1,38.4282,7.12141,0,0,1699437735
1,38.012,6.45501,0,0,1699437735
1,39.2771,6.32784,0,0,1699437735
1,41.4071,5.07176,0,0,1699437735
1,44.0034,3.72479,0,0,1699437735
1,42.961,3.26899,0,0,1699437735
1,40.1946,3.24621,0,0,1699437735
1,40.6543,3.18821,0,0,1699437735
1,43.758,2.82827,0,0,1699437735
1,46.9286,2.95295,0,0,1699437735
1,49.4884,4.08137,0,0,1699437735
1,49.4889,5.70341,0,0,1699437735
1,46.7027,6.36324,0,0,1699437735
1,44.4441,6.77018,0,0,1699437735
1,42.6864,9.0352,0,0,1699437735
1,40.8406,11.1664,0,0,1699437735
1,38.9485,10.7307,0,0,1699437735
1,36.9608,9.33402,0,0,1699437735
1,37.9719,9.51103,0,0,1699437735
1,42.5194,10.0941,0,0,1699437735
1,46.9446,7.8769,0,0,1699437735
1,48.4641,4.56564,0,0,1699437735
1,45.9518,4.90535,0,0,1699437735
1,41.9046,7.99296,0,0,1699437735
1,41.0519,10.3246,0,0,1699437735
1,43.226,10.9695,0,0,1699437735
1,44.3279,8.47753,0,0,1699437735
1,44.9023,4.03447,0,0,1699437735
1,48.3738,2.44698,0,0,1699437735
1,39.5243,4.92284,0,0,1699437735
1,50.8987,8.35208,0,0,1699437735
1,50.2775,9.03098,0,0,1699437735
1,49.8897,6.55556,0,0,1699437735
1,47.0376,4.91842,0,0,1699437735
1,45.7072,7.78663,0,0,1699437735
1,45.6634,11.2893,0,0,1699437735
1,45.6729,10.4076,0,0,1699437735
1,48.0185,9.00314,0,0,1699437735
1,48.7086,8.52683,0,0,1699437735
1,46.3609,6.51033,0,0,1699437735
1,45.3418,5.34537,0,0,1699437735
1,43.9606,5.46382,0,0,1699437735
1,42.6364,5.63406,0,0,1699437735
1,45.6413,7.53197,0,0,1699437735
1,48.9866,10.1055,0,0,1699437735
1,47.6719,9.47543,0,0,1699437735
1,43.7627,5.57292,0,0,1699437735
1,41.3865,3.40102,0,0,1699437735
1,43.043,4.88292,0,0,1699437735
1,47.5165,7.17827,0,0,1699437735
1,50.9744,8.83075,0,0,1699437735
1,51.2329,9.48417,0,0,1699437735
1,50.6952,9.62559,0,0,1699437735
1,51.0255,9.69078,0,0,1699437735
1,49.469,7.85416,0,0,1699437735
1,45.4503,5.75051,0,0,1699437735
1,40.3838,6.52886,0,0,1699437735
1,37.7963,7.59052,0,0,1699437735
1,41.1291,6.55873,0,0,1699437735
1,44.8426,5.43011,0,0,1699437735
1,45.3289,5.16414,0,0,1699437735
1,48.0108,5.65751,0,0,1699437735
1,51.2595,7.74787,0,0,1699437735
1,47.7577,8.77422,0,0,1699437735
1,41.4038,7.28501,0,0,1699437735
1,40.1765,7.3067,0,0,1699437735
1,41.404,8.29667,0,0,1699437735
1,42.4862,7.49845,0,0,1699437735
1,46.1289,8.00637,0,0,1699437735
1,49.0316,11.1443,0,0,1699437735
1,48.6454,12.3172,0,0,1699437735
1,47.1404,10.2734,0,0,1699437735
1,45.1165,8.63314,0,0,1699437735
1,45.6088,7.05487,0,0,1699437735
1,48.2677,5.76785,0,0,1699437735
1,47.6112,6.34619,0,0,1699437735
1,44.3791,5.75827,0,0,1699437735
1,42.7368,4.44895,0,0,1699437735
1,45.4449,5.0116,0,0,1699437735
1,49.7888,5.83101,0,0,1699437735
1,50.6501,5.82385,0,0,1699437735
1,39.5243,4.96981,0,0,1699437735
1,39.5243,4.60548,0,0,1699437735
1,47.6567,7.95993,0,0,1699437735
1,46.4252,12.0449,0,0,1699437735
1,49.6677,10.4451,0,0,1699437735
1,46.6502,6.55504,0,0,1699437735
1,41.7633,5.68997,0,0,1699437735
1,45.178,5.11979,0,0,1699437735
1,49.3636,5.9289,0,0,1699437735
1,49.7978,10.527,0,0,1699437735
1,39.5243,12.4534,0,0,1699437735
1,39.5243,9.00666,0,0,1699437735
1,50.5404,5.71554,0,0,1699437735
1,44.1992,5.3088,0,0,1699437735
1,44.9241,6.64152,0,0,1699437735
1,48.5155,7.90929,0,0,1699437735
1,48.3511,8.63434,0,0,1699437735
1,46.4736,9.80155,0,0,1699437735
1,45.4481,9.68314,0,0,1699437735
1,46.1252,6.88332,0,0,1699437735
1,48.3772,4.12739,0,0,1699437735
1,47.2436,2.86612,0,0,1699437735
1,43.9347,2.92083,0,0,1699437735
1,43.1337,4.50563,0,0,1699437735
1,43.2119,5.29767,0,0,1699437735
1,45.2227,3.86783,0,0,1699437735
1,49.2113,3.47835,0,0,1699437735
1,51.2646,6.59331,0,0,1699437735
1,39.5243,9.35666,0,0,1699437735
1,39.5243,8.10492,0,0,1699437735
1,39.5243,6.51533,0,0,1699437735
1,39.5243,8.55918,0,0,1699437735
1,39.5243,11.8395,0,0,1699437735
1,50.1824,12.2064,0,0,1699437735
1,44.1131,10.7492,0,0,1699437735
1,38.9432,10.7057,0,0,1699437735
1,40.4344,10.0357,0,0,1699437735
1,48.8569,6.59312,0,0,1699437735
1,39.5243,3.61863,0,0,1699437735
1,39.5243,3.26679,0,0,1699437735
1,39.5243,4.38355,0,0,1699437735
1,39.5243,5.95284,0,0,1699437735
1,39.5243,6.49228,0,0,1699437735
1,47.3956,6.79799,0,0,1699437735
1,42.0639,8.82497,0,0,1699437735
1,43.0079,9.52802,0,0,1699437735
1,45.2962,7.07387,0,0,1699437735
1,44.8006,4.42907,0,0,1699437735
1,44.2925,3.0672,0,0,1699437735
1,46.0949,2.36323,0,0,1699437735
1,47.2848,3.03954,0,0,1699437735
1,47.1789,5.29263,0,0,1699437735
1,48.0574,6.46538,0,0,1699437735
1,49.3089,6.74968,0,0,1699437735
1,50.8642,8.6998,0,0,1699437735
1,39.5243,10.4283,0,0,1699437735
1,50.6476,9.83563,0,0,1699437735
1,48.9139,9.00715,0,0,1699437735
1,39.5243,8.03057,0,0,1699437735
1,39.5243,5.25304,0,0,1699437735
1,39.5243,3.60381,0,0,1699437735
1,39.5243,4.16649,0,0,1699437735
1,49.9742,3.58759,0,0,1699437735
1,44.2848,3.26515,0,0,1699437735
1,40.2735,5.18195,0,0,1699437735
1,39.3759,5.97261,0,0,1699437735
1,40.6836,5.04696,0,0,1699437735
1,42.5302,4.66326,0,0,1699437735
1,43.6384,4.63859,0,0,1699437735
1,46.3708,4.57505,0,0,1699437735
1,50.7682,4.6167,0,0,1699437735
1,50.1086,6.2701,0,0,1699437735
1,44.5215,9.31158,0,0,1699437735
1,41.5035,10.2534,0,0,1699437735
1,42.1976,9.51722,0,0,1699437735
1,42.4675,8.46858,0,0,1699437735
1,41.3153,6.02572,0,0,1699437735
1,40.5936,3.99744,0,0,1699437735
1,39.8446,4.25188,0,0,1699437735
1,37.5522,4.88617,0,0,1699437735
1,36.454,4.82109,0,0,1699437735
1,39.9679,5.47075,0,0,1699437735
1,43.5611,7.02296,0,0,1699437735
1,41.7299,7.54216,0,0,1699437735
1,39.5706,6.2425,0,0,1699437735
1,41.6241,6.74389,0,0,1699437735
1,43.6657,10.1483,0,0,1699437735
1,44.8754,10.3232,0,0,1699437735
1,48.7578,6.58355,0,0,1699437735
1,39.5243,5.27618,0,0,1699437735
1,39.5243,6.44042,0,0,1699437735
1,50.2022,6.02451,0,0,1699437735
1,48.2159,4.59547,0,0,1699437735
1,47.0377,4.19222,0,0,1699437735
1,45.0064,4.14222,0,0,1699437735
1,41.472,3.14274,0,0,1699437735
1,40.4073,2.27522,0,0,1699437735
1,43.4469,4.10513,0,0,1699437735
1,47.7209,7.74326,0,0,1699437735
1,48.866,9.82009,0,0,1699437735
1,46.3259,8.89068,0,0,1699437735
1,44.9745,6.10372,0,0,1699437735
1,45.1548,4.41892,0,0,1699437735
1,44.7797,5.4096,0,0,1699437735
1,45.726,7.38251,0,0,1699437735
1,47.968,8.25042,0,0,1699437735
1,50.0849,7.44661,0,0,1699437735
1,50.6453,4.92643,0,0,1699437735
1,49.2335,2.14363,0,0,1699437735
1,47.666,8.06756,0,0,1699437735
1,46.4677,2.18638,0,0,1699437735
1,47.8618,6.6255,0,0,1699437735
1,49.7924,11.9424,0,0,1699437735
1,46.4788,11.1775,0,0,1699437735
1,42.0529,5.8149,0,0,1699437735
1,40.6824,3.94839,0,0,1699437735
1,41.993,6.56027,0,0,1699437735
1,45.7911,7.75969,0,0,1699437735
1,47.9937,5.16843,0,0,1699437735
1,47.7683,3.57702,0,0,1699437735
1,47.7574,6.40636,0,0,1699437735
1,46.5296,9.13754,0,0,1699437735
1,44.8328,7.23537,0,0,1699437735
1,45.1089,4.49872,0,0,1699437735
1,44.7135,5.23429,0,0,1699437735
1,42.1865,7.40266,0,0,1699437735
1,40.1998,7.96767,0,0,1699437735
1,40.6217,8.25208,0,0,1699437735
1,42.3478,10.1144,0,0,1699437735
1,41.9715,9.92043,0,0,1699437735
1,39.7677,6.90377,0,0,1699437735
1,40.0838,5.33945,0,0,1699437735
1,42.3362,4.8695,0,0,1699437735
1,42.5691,4.50025,0,0,1699437735
1,41.8772,4.98909,0,0,1699437735
1,42.3653,5.39906,0,0,1699437735
1,43.8929,4.91833,0,0,1699437735
1,47.3567,3.97787,0,0,1699437735
1,39.5243,3.51735,0,0,1699437735
1,39.5243,3.9585,0,0,1699437735
1,47.9298,6.95593,0,0,1699437735
1,42.7086,10.4384,0,0,1699437735
1,37.6183,9.93079,0,0,1699437735
1,34.8112,8.70811,0,0,1699437735
1,33.6888,8.3065,0,0,1699437735
1,33.0263,5.3042,0,0,1699437735
1,37.5145,4.14972,0,0,1699437735
1,44.559,8.31537,0,0,1699437735
1,46.7507,10.6989,0,0,1699437735
1,44.3821,8.36275,0,0,1699437735
1,39.6246,6.52141,0,0,1699437735
1,35.6438,5.89744,0,0,1699437735
1,33.4441,5.72551,0,0,1699437735
1,32.6344,8.09095,0,0,1699437735
1,36.6319,10.0513,0,0,1699437735
1,41.9221,8.61896,0,0,1699437735
1,40.6194,7.91811,0,0,1699437735
1,36.2565,8.51239,0,0,1699437735
1,37.1798,6.13231,0,0,1699437735
1,43.7708,4.74128,0,0,1699437735
1,51.0884,8.6477,0,0,1699437735
1,39.5243,10.572,0,0,1699437735
1,47.6302,7.07354,0,0,1699437735
1,41.1214,4.27246,0,0,1699437735
1,40.5239,4.09405,0,0,1699437735
1,42.8719,4.72772,0,0,1699437735
1,43.2624,5.86717,0,0,1699437735
1,39.889,7.92524,0,0,1699437735
1,37.0967,9.35804,0,0,1699437735
1,40.4929,7.55382,0,0,1699437735
1,44.9616,6.12724,0,0,1699437735
1,44.9845,8.19919,0,0,1699437735
1,42.4575,8.57047,0,0,1699437735
1,38.5482,6.09447,0,0,1699437735
1,36.2251,7.23693,0,0,1699437735
1,38.7384,11.7154,0,0,1699437735
1,41.6395,12.4977,0,0,1699437735
1,41.3457,9.79273,0,0,1699437735
1,41.8888,8.32965,0,0,1699437735
1,43.5951,7.30801,0,0,1699437735
1,42.895,5.71787,0,0,1699437735
1,42.8268,6.63722,0,0,1699437735
1,45.1057,9.81948,0,0,1699437735
1,45.4343,11.3452,0,0,1699437735
1,43.5199,11.0941,0,0,1699437735
1,40.7491,10.7909,0,0,1699437735
1,38.2354,9.14855,0,0,1699437735
1,38.1591,6.37784,0,0,1699437735
1,37.8812,5.99165,0,0,1699437735
1,35.2188,8.20178,0,0,1699437735
1,35.174,10.2444,0,0,1699437735
1,40.2909,10.6406,0,0,1699437735
1,43.703,7.99228,0,0,1699437735
1,41.6404,3.65801,0,0,1699437735
1,39.188,2.83887,0,0,1699437735
1,38.2415,6.49281,0,0,1699437735
1,38.0639,9.60099,0,0,1699437735
1,38.2931,9.28897,0,0,1699437735
1,39.7294,7.02193,0,0,1699437735
1,43.3755,4.82252,0,0,1699437735
1,43.1946,3.61661,0,0,1699437735
1,38.204,2.53399,0,0,1699437735
1,36.3891,2.38387,0,0,1699437735
1,39.1579,6.35272,0,0,1699437735
1,40.6874,11.2368,0,0,1699437735
1,38.0275,11.0062,0,0,1699437735
1,35.3714,8.24651,0,0,1699437735
1,36.486,7.66416,0,0,1699437735
1,40.0342,7.37954,0,0,1699437735
1,42.1496,5.47695,0,0,1699437735
1,40.6479,3.67729,0,0,1699437735
1,38.8631,3.32591,0,0,1699437735
1,38.3666,4.25661,0,0,1699437735
1,36.9531,5.67663,0,0,1699437735
1,35.8658,6.73863,0,0,1699437735
1,37.3969,6.26853,0,0,1699437735
1,40.8673,4.82285,0,0,1699437735
1,44.042,5.9055,0,0,1699437735
1,43.8535,8.51048,0,0,1699437735
1,41.8878,9.15564,0,0,1699437735
1,43.2424,10.5066,0,0,1699437735
1,44.999,12.3593,0,0,1699437735
1,43.0243,11.1178,0,0,1699437735
1,40.942,8.55449,0,0,1699437735
1,42.9123,6.53322,0,0,1699437735
1,46.0678,5.98715,0,0,1699437735
1,44.2865,7.03776,0,0,1699437735
1,41.5101,6.51974,0,0,1699437735
1,43.41,4.22508,0,0,1699437735
1,45.3169,2.761,0,0,1699437735
1,45.3354,2.85181,0,0,1699437735
1,45.025,4.64599,0,0,1699437735
1,43.1315,6.94076,0,0,1699437735
1,41.1426,9.48597,0,0,1699437735
1,40.0274,13.3127,0,0,1699437735
1,38.8452,13.8841,0,0,1699437735
1,39.0959,9.42712,0,0,1699437735
1,40.3792,5.67069,0,0,1699437735
1,41.9092,4.82882,0,0,1699437735
1,44.4152,6.04497,0,0,1699437735
1,44.379,6.98907,0,0,1699437735
1,40.6185,5.76552,0,0,1699437735
1,39.2424,4.65039,0,0,1699437735
1,42.424,4.7866,0,0,1699437735
1,43.9076,5.17178,0,0,1699437735
1,41.7107,4.36904,0,0,1699437735
1,40.6429,3.22708,0,0,1699437735
1,40.6129,5.30291,0,0,1699437735
1,41.3075,8.09086,0,0,1699437735
1,44.1132,7.26208,0,0,1699437735
1,44.2395,5.15991,0,0,1699437735
1,40.4149,5.08827,0,0,1699437735
1,38.7917,6.83437,0,0,1699437735
1,41.3768,7.68318,0,0,1699437735
1,42.3126,6.19068,0,0,1699437735
1,39.6419,4.15936,0,0,1699437735
1,39.9166,3.79884,0,0,1699437735
1,44.0619,4.52981,0,0,1699437735
1,46.9724,5.15226,0,0,1699437735
1,46.7162,5.86262,0,0,1699437735
1,45.218,6.32499,0,0,1699437735
1,45.7194,8.84573,0,0,1699437735
1,46.6038,13.3684,0,0,1699437735
1,46.2617,14.5639,0,0,1699437735
1,46.5105,12.1943,0,0,1699437735
1,44.3824,8.664,0,0,1699437735
1,39.7449,5.61077,0,0,1699437735
1,38.5223,5.40229,0,0,1699437735
1,40.8792,7.13572,0,0,1699437735
1,42.2518,8.56995,0,0,1699437735
1,40.4931,9.47027,0,0,1699437735
1,36.9074,9.68589,0,0,1699437735
1,34.0367,8.10657,0,0,1699437735
1,33.6959,5.55024,0,0,1699437735
1,36.0707,4.40486,0,0,1699437735
1,37.2666,4.53828,0,0,1699437735
1,37.0425,4.4525,0,0,1699437735
1,40.186,5.19273,0,0,1699437735
1,42.1272,6.95065,0,0,1699437735
1,37.7286,7.26189,0,0,1699437735
1,34.4685,6.42004,0,0,1699437735
1,37.4723,6.29969,0,0,1699437735
1,40.9315,6.34969,0,0,1699437735
1,39.6346,5.28732,0,0,1699437735
1,37.7799,4.10105,0,0,1699437735
1,41.0278,5.26961,0,0,1699437735
1,46.161,7.66265,0,0,1699437735
1,48.7001,8.32513,0,0,1699437735
1,48.9316,7.29992,0,0,1699437735
1,48.5123,5.36205,0,0,1699437735
1,47.6214,4.09293,0,0,1699437735
1,46.5024,5.16043,0,0,1699437735
1,46.3917,7.74547,0,0,1699437735
1,43.7914,9.28785,0,0,1699437735
1,36.9213,8.62472,0,0,1699437735
1,33.5266,8.67227,0,0,1699437735
1,37.5697,9.62199,0,0,1699437735
1,43.6559,9.40307,0,0,1699437735
1,46.8726,10.6204,0,0,1699437735
1,47.1637,13.4233,0,0,1699437735
1,43.3582,14.0401,0,0,1699437735
1,36.9369,12.385,0,0,1699437735
1,37.2523,11.5139,0,0,1699437735
1,45.9952,10.6319,0,0,1699437735
1,39.5243,7.46608,0,0,1699437735
1,49.1269,5.64824,0,0,1699437735
1,42.7404,7.61682,0,0,1699437735
1,39.2979,9.65809,0,0,1699437735
1,38.6665,8.56556,0,0,1699437735
1,42.6866,5.10059,0,0,1699437735
1,47.5571,2.59036,0,0,1699437735
1,46.3165,3.57933,0,0,1699437735
1,42.9271,7.56717,0,0,1699437735
1,40.0559,11.5514,0,0,1699437735
1,37.6082,12.1218,0,0,1699437735
1,39.3805,8.4314,0,0,1699437735
1,42.133,4.28764,0,0,1699437735
1,41.8398,3.06746,0,0,1699437735
1,41.9326,4.31196,0,0,1699437735
1,42.4739,6.473,0,0,1699437735
1,41.4894,8.22522,0,0,1699437735
1,41.4227,8.64572,0,0,1699437735
1,44.1775,6.48118,0,0,1699437735
1,47.2277,3.28695,0,0,1699437735
1,47.0974,3.86621,0,0,1699437735
1,44.5718,6.90271,0,0,1699437735
1,42.9982,6.92931,0,0,1699437735
1,43.1448,4.84271,0,0,1699437735
1,45.2677,4.01251,0,0,1699437735
1,47.7859,3.62486,0,0,1699437735
1,45.3,3.13368,0,0,1699437735
1,39.212,3.60983,0,0,1699437735
1,36.9928,4.08164,0,0,1699437735
1,40.554,4.12703,0,0,1699437735
1,45.8384,5.04347,0,0,1699437735
1,45.607,6.67934,0,0,1699437735
1,40.7649,6.97542,0,0,1699437735
1,42.7868,5.64484,0,0,1699437735
1,50.2837,5.32402,0,0,1699437735
1,49.752,6.72827,0,0,1699437735
1,42.153,7.55322,0,0,1699437735
1,38.2248,7.56657,0,0,1699437735
1,37.6758,7.84573,0,0,1699437735
1,36.6172,7.08466,0,0,1699437735
1,37.3953,6.23885,0,0,1699437735
1,40.0631,7.44864,0,0,1699437735
1,42.0745,7.97602,0,0,1699437735
1,42.0609,6.59709,0,0,1699437735
1,41.3117,5.1928,0,0,1699437735
1,44.3926,3.54801,0,0,1699437735
1,49.5536,2.71103,0,0,1699437735
1,50.5295,3.95273,0,0,1699437735
1,48.6136,5.06441,0,0,1699437735
1,47.2154,4.36126,0,0,1699437735
1,43.8261,3.96766,0,0,1699437735
1,38.7534,6.0631,0,0,1699437735
1,37.6221,7.87273,0,0,1699437735
1,41.0433,7.13083,0,0,1699437735
1,45.7311,5.93026,0,0,1699437735
1,49.1286,4.14841,0,0,1699437735
1,48.9991,2.64201,0,0,1699437735
1,45.6661,4.45538,0,0,1699437735
1,41.9967,6.29824,0,0,1699437735
1,40.5857,4.50372,0,0,1699437735
1,40.7506,1.99612,0,0,1699437735
1,40.86,2.5968,0,0,1699437735
1,41.4333,5.68827,0,0,1699437735
1,42.2774,7.61891,0,0,1699437735
1,43.9234,7.45054,0,0,1699437735
1,45.3852,6.26064,0,0,1699437735
1,42.8565,5.49748,0,0,1699437735
1,40.3447,6.23365,0,0,1699437735
1,42.4387,6.64613,0,0,1699437735
1,45.0825,7.28081,0,0,1699437735
1,46.721,8.49623,0,0,1699437735
1,47.2902,7.48472,0,0,1699437735
1,45.6252,6.46155,0,0,1699437735
1,45.4305,8.68072,0,0,1699437735
1,47.6122,12.3292,0,0,1699437735
1,47.4487,13.0043,0,0,1699437735
1,44.8927,9.14987,0,0,1699437735
1,43.7843,5.33213,0,0,1699437735
1,45.3782,4.41107,0,0,1699437735
1,50.6025,4.4562,0,0,1699437735
1,39.5243,6.25694,0,0,1699437735
1,39.5243,9.39736,0,0,1699437735
1,48.699,8.32784,0,0,1699437735
1,42.931,3.91189,0,0,1699437735
1,43.7144,2.69781,0,0,1699437735
1,47.8125,5.44627,0,0,1699437735
1,50.1385,7.89073,0,0,1699437735
1,50.7496,6.76135,0,0,1699437735
1,49.9814,4.57599,0,0,1699437735
1,46.6949,4.48633,0,0,1699437735
1,41.8089,3.87404,0,0,1699437735
1,38.8598,2.20505,0,0,1699437735
1,41.7876,3.39901,0,0,1699437735
1,46.7345,6.24881,0,0,1699437735
1,48.5069,6.38712,0,0,1699437735
1,49.8673,5.01586,0,0,1699437735
1,49.6294,5.29399,0,0,1699437735
1,46.2038,6.85115,0,0,1699437735
1,45.475,6.77483,0,0,1699437735
1,48.8873,4.18176,0,0,1699437735
1,39.5243,2.60839,0,0,1699437735
1,39.5243,4.59605,0,0,1699437735
1,39.5243,7.2104,0,0,1699437735
1,48.6983,6.50336,0,0,1699437735
1,47.1568,3.90588,0,0,1699437735
1,46.8205,3.46363,0,0,1699437735
1,46.5573,6.44109,0,0,1699437735
1,45.7514,11.5745,0,0,1699437735
1,42.8014,14.4212,0,0,1699437735
1,36.7776,11.8595,0,0,1699437735
1,34.7802,6.97837,0,0,1699437735
1,40.0229,3.18982,0,0,1699437735
1,46.0851,2.00973,0,0,1699437735
1,50.62,3.36844,0,0,1699437735
1,39.5243,3.88123,0,0,1699437735
1,39.5243,2.91932,0,0,1699437735
1,39.5243,2.73745,0,0,1699437735
1,39.5243,4.53055,0,0,1699437735
1,51.2151,7.99012,0,0,1699437735
1,49.9788,8.8575,0,0,1699437735
1,48.5835,7.47638,0,0,1699437735
1,44.2978,8.25252,0,0,1699437735
1,42.9948,7.97976,0,0,1699437735
1,46.923,5.47366,0,0,1699437735
1,50.3793,4.3997,0,0,1699437735
1,39.5243,3.64047,0,0,1699437735
1,39.5243,3.03268,0,0,1699437735
1,39.5243,4.54695,0,0,1699437735
1,50.4525,8.34295,0,0,1699437735
1,49.3286,12.5003,0,0,1699437735
1,45.7989,11.6231,0,0,1699437735
1,41.3463,6.7385,0,0,1699437735
1,42.0064,5.10413,0,0,1699437735
1,44.5478,6.17145,0,0,1699437735
1,44.5015,6.58223,0,0,1699437735
1,44.9688,6.51015,0,0,1699437735
1,46.1223,5.36857,0,0,1699437735
1,44.5444,4.59689,0,0,1699437735
1,43.7372,7.72192,0,0,1699437735
1,46.7709,11.0399,0,0,1699437735
1,47.9471,9.14401,0,0,1699437735
1,45.6932,5.92155,0,0,1699437735
1,45.729,5.14871,0,0,1699437735
1,48.521,4.9784,0,0,1699437735
1,50.5042,4.46415,0,0,1699437735
1,50.8466,4.25709,0,0,1699437735
1,49.4062,4.60088,0,0,1699437735
1,48.0132,4.7754,0,0,1699437735
1,48.763,4.62628,0,0,1699437735
1,49.5208,4.54845,0,0,1699437735
1,50.7071,3.84668,0,0,1699437735
1,39.5243,2.50313,0,0,1699437735
1,47.9802,3.51261,0,0,1699437735
1,43.2137,8.00369,0,0,1699437735
1,44.8239,10.342,0,0,1699437735
1,48.4276,7.09728,0,0,1699437735
1,48.3671,3.18832,0,0,1699437735
1,45.2696,3.88514,0,0,1699437735
1,42.6326,8.13528,0,0,1699437735
1,43.2436,9.78922,0,0,1699437735
1,45.1535,7.1974,0,0,1699437735
1,46.5521,6.50423,0,0,1699437735
1,49.2089,8.69555,0,0,1699437735
1,51.2527,9.72478,0,0,1699437735
1,50.252,9.09141,0,0,1699437735
1,48.936,6.87087,0,0,1699437735
1,48.3951,4.81583,0,0,1699437735
1,47.1971,5.03372,0,0,1699437735
1,45.3112,5.14023,0,0,1699437735
1,43.7759,4.38045,0,0,1699437735
1,43.6881,4.8686,0,0,1699437735
1,43.4432,6.69354,0,0,1699437735
1,42.4071,8.19652,0,0,1699437735
1,44.5677,7.67625,0,0,1699437735
1,49.4101,6.80856,0,0,1699437735
1,50.7144,8.33317,0,0,1699437735
1,48.036,10.0927,0,0,1699437735
1,46.7147,10.6919,0,0,1699437735
1,45.6431,10.7755,0,0,1699437735
1,41.7991,8.58914,0,0,1699437735
1,39.5625,5.36581,0,0,1699437735
1,39.9536,3.60273,0,0,1699437735
1,41.2968,2.82684,0,0,1699437735
1,46.0426,3.63502,0,0,1699437735
1,39.5243,5.676,0,0,1699437735
1,39.5243,5.8045,0,0,1699437735
1,39.5243,3.72754,0,0,1699437735
1,39.5243,2.43455,0,0,1699437735
1,46.7106,2.76598,0,0,1699437735
1,40.6254,3.44223,0,0,1699437735
1,39.7914,4.22035,0,0,1699437735
1,41.5122,5.63023,0,0,1699437735
1,44.533,8.38132,0,0,1699437735
1,49.6953,10.6123,0,0,1699437735
1,39.5243,8.58833,0,0,1699437735
1,39.5243,3.9163,0,0,1699437735
1,39.5243,2.29671,0,0,1699437735
1,39.5243,4.32736,0,0,1699437735
1,49.442,5.71183,0,0,1699437735
1,46.235,4.86196,0,0,1699437735
1,47.1974,3.56863,0,0,1699437735
1,48.6955,3.19865,0,0,1699437735
1,50.7045,4.45985,0,0,1699437735
1,39.5243,7.69,0,0,1699437735
1,39.5243,10.6925,0,0,1699437735
1,39.5243,10.3682,0,0,1699437735
1,49.8571,8.1289,0,0,1699437735
1,49.5059,6.71119,0,0,1699437735
1,49.4652,5.68803,0,0,1699437735
1,47.2137,6.69151,0,0,1699437735
1,46.5838,10.6382,0,0,1699437735
1,47.6838,12.1653,0,0,1699437735
1,46.0676,9.20251,0,0,1699437735
1,45.5867,6.80554,0,0,1699437735
1,50.4296,6.9531,0,0,1699437735
1,39.5243,7.02989,0,0,1699437735
1,39.5243,5.72674,0,0,1699437735
1,49.8151,4.17643,0,0,1699437735
1,47.7521,3.45865,0,0,1699437735
1,46.96,2.75115,0,0,1699437735
1,48.5699,2.20193,0,0,1699437735
1,39.5243,3.11428,0,0,1699437735
1,39.5243,5.2207,0,0,1699437735
1,49.9659,6.76078,0,0,1699437735
1,47.6854,5.15737,0,0,1699437735
1,46.9625,4.0328,0,0,1699437735
1,47.3343,8.4926,0,0,1699437735
1,47.6917,11.2638,0,0,1699437735
1,44.4621,6.85568,0,0,1699437735
1,43.672,2.69995,0,0,1699437735
1,49.5448,2.9567,0,0,1699437735
1,39.5243,4.6201,0,0,1699437735
1,48.6947,6.46693,0,0,1699437735
1,42.3603,7.31867,0,0,1699437735
1,42.8735,5.54616,0,0,1699437735
1,49.5581,3.0918,0,0,1699437735
1,39.5243,2.24768,0,0,1699437735
1,46.7167,3.30872,0,0,1699437735
1,42.0418,4.7354,0,0,1699437735
1,41.166,5.05125,0,0,1699437735
1,42.0399,5.50251,0,0,1699437735
1,44.227,6.7859,0,0,1699437735
1,47.0891,7.77489,0,0,1699437735
1,48.6914,7.24424,0,0,1699437735
1,47.6069,6.44301,0,0,1699437735
1,47.7609,8.07208,0,0,1699437735
1,50.6811,10.4299,0,0,1699437735
1,51.2582,10.507,0,0,1699437735
1,48.4797,8.10375,0,0,1699437735
1,45.827,4.44663,0,0,1699437735
1,45.8098,2.52048,0,0,1699437735
1,44.9092,3.71903,0,0,1699437735
1,43.0351,5.09956,0,0,1699437735
1,47.1026,4.36041,0,0,1699437735
1,39.5243,2.90515,0,0,1699437735
1,49.655,2.46979,0,0,1699437735
1,48.3196,4.40273,0,0,1699437735
1,49.5097,8.14202,0,0,1699437735
1,49.962,8.79634,0,0,1699437735
1,47.3412,5.14209,0,0,1699437735
1,44.2094,2.0589,0,0,1699437735
1,45.1396,2.02896,0,0,1699437735
1,48.4092,3.55775,0,0,1699437735
1,50.4778,4.25098,0,0,1699437735
1,50.9806,4.46016,0,0,1699437735
1,49.651,6.14984,0,0,1699437735
1,45.2447,7.11471,0,0,1699437735
1,41.9016,5.25301,0,0,1699437735
1,43.9195,3.81182,0,0,1699437735
1,46.7529,4.93417,0,0,1699437735
1,46.2399,7.02955,0,0,1699437735
1,43.537,8.99688,0,0,1699437735
1,41.9965,9.90699,0,0,1699437735
1,44.8099,8.92997,0,0,1699437735
1,49.8246,6.42734,0,0,1699437735
1,39.5243,4.13088,0,0,1699437735
1,48.9768,4.55856,0,0,1699437735
1,45.5781,6.86883,0,0,1699437735
1,42.2773,9.38647,0,0,1699437735
1,40.3994,10.941,0,0,1699437735
1,40.8793,9.28722,0,0,1699437735
1,41.7772,7.14997,0,0,1699437735
1,43.6395,6.64519,0,0,1699437735
1,46.9281,5.87629,0,0,1699437735
1,47.3339,6.5445,0,0,1699437735
1,44.5648,8.51263,0,0,1699437735
1,44.6647,9.4047,0,0,1699437735
1,46.2339,10.5719,0,0,1699437735
1,43.491,11.1024,0,0,1699437735
1,39.439,8.5848,0,0,1699437735
1,39.7162,5.49275,0,0,1699437735
1,44.4412,4.95042,0,0,1699437735
1,48.6636,5.78403,0,0,1699437735
1,47.3922,5.42378,0,0,1699437735
1,43.8687,3.60251,0,0,1699437735
1,44.112,2.07756,0,0,1699437735
1,46.0475,1.7632,0,0,1699437735
1,45.6968,2.32179,0,0,1699437735
1,43.3212,4.17999,0,0,1699437735
1,41.6362,6.65775,0,0,1699437735
1,42.5761,7.75562,0,0,1699437735
1,43.2522,7.08507,0,0,1699437735
1,41.6925,5.56392,0,0,1699437735
1,41.2906,4.83846,0,0,1699437735
1,45.2355,5.01501,0,0,1699437735
1,39.5243,5.10102,0,0,1699437735
1,39.5243,7.07033,0,0,1699437735
1,48.5196,9.68372,0,0,1699437735
1,41.9041,9.01125,0,0,1699437735
1,39.1885,6.92672,0,0,1699437735
1,39.871,5.10641,0,0,1699437735
1,42.409,2.96184,0,0,1699437735
1,44.768,2.32397,0,0,1699437735
1,44.9049,2.74376,0,0,1699437735
1,47.3924,2.59215,0,0,1699437735
1,39.5243,2.87312,0,0,1699437735
1,51.1513,3.89783,0,0,1699437735
1,42.8708,6.14681,0,0,1699437735
1,40.7031,9.33383,0,0,1699437735
1,46.2276,10.1315,0,0,1699437735
1,48.5951,9.03915,0,0,1699437735
1,46.5582,9.92623,0,0,1699437735
1,46.4034,12.1379,0,0,1699437735
1,44.9698,11.9208,0,0,1699437735
1,41.7396,7.99684,0,0,1699437735
1,42.6557,4.85826,0,0,1699437735
1,44.7187,5.87875,0,0,1699437735
1,42.7549,7.37582,0,0,1699437735
1,38.4328,7.25318,0,0,1699437735
1,37.9351,7.22344,0,0,1699437735
1,43.8145,6.97937,0,0,1699437735
1,47.6779,7.07421,0,0,1699437735
1,46.0463,8.60923,0,0,1699437735
1,46.9276,9.32138,0,0,1699437735
1,50.7948,8.51659,0,0,1699437735
1,50.9993,7.49255,0,0,1699437735
1,47.155,6.15186,0,0,1699437735
1,43.1974,5.15859,0,0,1699437735
1,39.8585,4.36949,0,0,1699437735
1,36.9956,3.77474,0,0,1699437735
1,36.8646,5.74333,0,0,1699437735
1,39.1664,8.47507,0,0,1699437735
1,42.6259,6.94869,0,0,1699437735
1,46.6293,4.37705,0,0,1699437735
1,49.5321,5.67853,0,0,1699437735
1,48.7341,7.79785,0,0,1699437735
1,43.2651,10.7348,0,0,1699437735
1,39.4099,14.2375,0,0,1699437735
1,40.8901,12.4593,0,0,1699437735
1,43.164,7.23479,0,0,1699437735
1,44.7374,4.57844,0,0,1699437735
1,44.5354,5.27803,0,0,1699437735
1,40.1037,6.65863,0,0,1699437735
1,36.3595,6.5228,0,0,1699437735
1,40.0825,7.60228,0,0,1699437735
1,46.3992,10.1856,0,0,1699437735
1,46.2352,10.1149,0,0,1699437735
1,42.5195,9.31778,0,0,1699437735
1,41.5612,9.9193,0,0,1699437735
1,42.6053,8.15354,0,0,1699437735
1,41.8895,4.92421,0,0,1699437735
1,38.6451,5.84049,0,0,1699437735
1,37.7573,8.84363,0,0,1699437735
1,41.1967,7.53813,0,0,1699437735
1,43.2406,4.43487,0,0,1699437735
1,40.7022,4.75708,0,0,1699437735
1,38.0004,5.89876,0,0,1699437735
1,37.4605,4.96989,0,0,1699437735
1,37.7155,6.00262,0,0,1699437735
1,40.2446,10.9763,0,0,1699437735
1,43.6292,12.7116,0,0,1699437735
1,45.3246,7.8024,0,0,1699437735
1,45.0503,3.60455,0,0,1699437735
1,42.0375,3.81567,0,0,1699437735
1,41.3048,4.90251,0,0,1699437735
1,45.5855,5.14667,0,0,1699437735
1,46.0661,5.98763,0,0,1699437735
1,39.5761,7.38607,0,0,1699437735
1,34.2531,6.90954,0,0,1699437735
1,34.6318,5.66286,0,0,1699437735
1,39.8055,5.55342,0,0,1699437735
1,46.0717,4.9005,0,0,1699437735
1,47.3202,4.64101,0,0,1699437735
1,44.644,5.58678,0,0,1699437735
1,44.4703,5.07874,0,0,1699437735
1,47.1279,3.37721,0,0,1699437735
1,48.0565,3.89424,0,0,1699437735
1,44.4631,6.39951,0,0,1699437735
1,38.4731,6.50013,0,0,1699437735
1,32.909,4.78504,0,0,1699437735
1,28.6719,6.64486,0,0,1699437735
1,28.333,10.8664,0,0,1699437735
1,31.7058,10.6197,0,0,1699437735
1,34.8265,6.28836,0,0,1699437735
1,36.9803,3.99738,0,0,1699437735
1,37.8223,4.07211,0,0,1699437735
1,34.9669,3.29128,0,0,1699437735
1,30.3986,3.07454,0,0,1699437735
1,28.331,5.87326,0,0,1699437735
1,29.3056,8.62139,0,0,1699437735
1,31.9318,8.87433,0,0,1699437735
1,34.5746,8.42796,0,0,1699437735
1,36.1271,7.11631,0,0,1699437735
1,36.6142,6.6282,0,0,1699437735
1,36.9342,9.78005,0,0,1699437735
1,38.6991,11.6656,0,0,1699437735
1,40.8951,8.90521,0,0,1699437735
1,40.4347,5.85485,0,0,1699437735
1,37.8312,5.35377,0,0,1699437735
1,37.2063,7.86967,0,0,1699437735
1,39.121,10.9888,0,0,1699437735
1,39.3854,10.5085,0,0,1699437735
1,38.8799,7.80263,0,0,1699437735
1,42.088,6.4986,0,0,1699437735
1,46.5157,7.20069,0,0,1699437735
1,46.9073,7.62567,0,0,1699437735
1,45.2983,6.13506,0,0,1699437735
1,45.1559,5.72141,0,0,1699437735
1,44.2115,6.90904,0,0,1699437735
1,41.4689,6.57425,0,0,1699437735
1,39.0408,5.52036,0,0,1699437735
1,37.5113,6.16711,0,0,1699437735
1,38.7341,8.90993,0,0,1699437735
1,43.9765,10.3863,0,0,1699437735
1,48.5271,8.0348,0,0,1699437735
1,46.35,5.76702,0,0,1699437735
1,37.4181,6.09424,0,0,1699437735
1,29.7969,6.62482,0,0,1699437735
1,29.9743,6.53038,0,0,1699437735
1,34.5086,8.02135,0,0,1699437735
1,37.7652,10.9749,0,0,1699437735
1,37.2043,10.9653,0,0,1699437735
1,35.7203,7.42689,0,0,1699437735
1,38.4533,4.43613,0,0,1699437735
1,41.6491,2.92017,0,0,1699437735
1,41.3846,1.83842,0,0,1699437735
1,38.823,2.40919,0,0,1699437735
1,33.2684,4.87584,0,0,1699437735
1,29.2157,6.95674,0,0,1699437735
1,33.7616,7.32478,0,0,1699437735
1,41.4362,6.21362,0,0,1699437735
1,41.6657,5.15276,0,0,1699437735
1,36.3182,5.87986,0,0,1699437735
1,35.384,8.38916,0,0,1699437735
1,39.6825,11.6681,0,0,1699437735
1,41.939,13.3629,0,0,1699437735
1,39.7634,11.3103,0,0,1699437735
1,33.9048,7.61873,0,0,1699437735
1,39.5243,6.52649,0,0,1699437735
1,39.5243,8.6809,0,0,1699437735
1,28.3315,11.0879,0,0,1699437735
1,32.597,12.8579,0,0,1699437735
1,32.8862,13.3861,0,0,1699437735
1,32.7802,10.9883,0,0,1699437735
1,36.0157,7.5994,0,0,1699437735
1,39.0737,4.91203,0,0,1699437735
1,39.7288,2.88153,0,0,1699437735
1,38.0383,4.86451,0,0,1699437735
1,35.1106,10.5849,0,0,1699437735
1,33.9738,13.1998,0,0,1699437735
1,34.0281,12.1257,0,0,1699437735
1,32.3329,11.7608,0,0,1699437735
1,32.2473,11.565,0,0,1699437735
1,36.8924,9.38006,0,0,1699437735
1,39.1041,6.4508,0,0,1699437735
1,34.0924,5.26437,0,0,1699437735
1,28.796,6.09997,0,0,1699437735
1,30.3117,7.9584,0,0,1699437735
1,34.4352,8.85785,0,0,1699437735
1,33.6951,6.98,0,0,1699437735
1,30.4385,4.9641,0,0,1699437735
1,31.4205,4.71461,0,0,1699437735
1,35.1258,4.0283,0,0,1699437735
1,35.6043,3.51839,0,0,1699437735
1,34.8881,5.04435,0,0,1699437735
1,35.3678,7.09713,0,0,1699437735
1,33.2675,8.01632,0,0,1699437735
1,29.7524,7.19916,0,0,1699437735
1,29.6033,6.30165,0,0,1699437735
1,32.6124,6.56635,0,0,1699437735
1,34.7719,6.43679,0,0,1699437735
1,34.9419,7.4027,0,0,1699437735
1,35.2499,9.85833,0,0,1699437735
1,35.3534,10.332,0,0,1699437735
1,35.6311,8.61615,0,0,1699437735
1,36.9134,6.04343,0,0,1699437735
1,36.9438,4.48292,0,0,1699437735
1,34.9807,6.01048,0,0,1699437735
1,33.1089,7.86504,0,0,1699437735
1,32.19,8.0054,0,0,1699437735
1,31.767,8.02325,0,0,1699437735
1,32.4528,6.98831,0,0,1699437735
1,34.5233,4.45247,0,0,1699437735
1,37.217,5.04947,0,0,1699437735
1,40.1361,9.07228,0,0,1699437735
1,41.9226,8.88348,0,0,1699437735
1,40.1649,4.08249,0,0,1699437735
1,35.3307,2.63025,0,0,1699437735
1,32.2438,4.98489,0,0,1699437735
1,33.354,6.15951,0,0,1699437735
1,33.99,5.72969,0,0,1699437735
1,33.3781,5.89607,0,0,1699437735
1,35.9471,6.76588,0,0,1699437735
1,38.3899,7.85927,0,0,1699437735
1,37.5416,8.80534,0,0,1699437735
1,37.7621,7.59699,0,0,1699437735
1,37.8953,5.79339,0,0,1699437735
1,34.2138,6.54826,0,0,1699437735
1,31.0361,7.45136,0,0,1699437735
1,32.0462,7.75042,0,0,1699437735
1,33.4096,11.0347,0,0,1699437735
1,32.4911,8.06756,0,0,1699437735
1,31.4152,13.8175,0,0,1699437735
1,32.009,8.97831,0,0,1699437735
1,35.0349,7.34897,0,0,1699437735
1,38.705,7.37839,0,0,1699437735
1,41.6058,5.77626,0,0,1699437735
1,44.358,3.52923,0,0,1699437735
1,44.3621,2.82588,0,0,1699437735
1,40.7354,5.24872,0,0,1699437735
1,37.2136,8.72829,0,0,1699437735
1,35.3596,10.5041,0,0,1699437735
1,34.9441,9.97503,0,0,1699437735
1,34.8047,7.83062,0,0,1699437735
1,33.0639,8.0356,0,0,1699437735
1,32.3494,10.2791,0,0,1699437735
1,34.6896,8.94859,0,0,1699437735
1,36.4206,5.57523,0,0,1699437735
1,35.0068,5.21886,0,0,1699437735
1,31.8081,7.86699,0,0,1699437735
1,31.2211,11.2824,0,0,1699437735
1,35.0044,13.0877,0,0,1699437735
1,38.8677,12.732,0,0,1699437735
1,40.1134,10.9803,0,0,1699437735
1,38.4228,8.85693,0,0,1699437735
1,35.2188,7.94802,0,0,1699437735
1,34.8449,6.81718,0,0,1699437735
1,37.0866,5.0287,0,0,1699437735
1,38.0589,5.97165,0,0,1699437735
1,36.9955,8.09891,0,0,1699437735
1,34.7499,8.49531,0,0,1699437735
1,32.7929,9.55828,0,0,1699437735
1,31.2445,11.2184,0,0,1699437735
1,30.9818,10.4145,0,0,1699437735
1,34.9969,7.4825,0,0,1699437735
1,37.7058,7.13769,0,0,1699437735
1,33.2534,10.567,0,0,1699437735
1,28.7433,11.1743,0,0,1699437735
1,29.8137,7.84212,0,0,1699437735
1,32.3812,6.06842,0,0,1699437735
1,32.85,6.20199,0,0,1699437735
1,33.5921,5.99973,0,0,1699437735
1,37.4529,4.5554,0,0,1699437735
1,41.51,2.84417,0,0,1699437735
1,41.8232,2.40909,0,0,1699437735
1,39.2143,3.49695,0,0,1699437735
1,36.0865,5.18827,0,0,1699437735
1,33.4926,5.04993,0,0,1699437735
1,32.5225,3.73546,0,0,1699437735
1,33.383,5.96235,0,0,1699437735
1,36.6053,9.95618,0,0,1699437735
1,41.5428,9.7967,0,0,1699437735
1,43.0672,7.82522,0,0,1699437735
1,40.1317,7.10404,0,0,1699437735
1,38.5887,6.64522,0,0,1699437735
1,39.9751,7.94159,0,0,1699437735
1,39.2414,10.5519,0,0,1699437735
1,36.1791,12.0197,0,0,1699437735
1,36.0615,11.4815,0,0,1699437735
1,37.3867,8.8757,0,0,1699437735
1,35.9878,8.94424,0,0,1699437735
1,34.0798,13.2643,0,0,1699437735
1,33.0579,13.255,0,0,1699437735
1,30.5832,8.53726,0,0,1699437735
1,28.1768,7.28263,0,0,1699437735
1,28.4287,8.57189,0,0,1699437735
1,28.8188,8.33187,0,0,1699437735
1,27.9623,7.40729,0,0,1699437735
1,28.3346,7.41998,0,0,1699437735
1,30.5634,7.59556,0,0,1699437735
1,30.7934,8.46709,0,0,1699437735
1,29.4889,12.296,0,0,1699437735
1,31.6393,14.8224,0,0,1699437735
1,36.4244,12.1697,0,0,1699437735
1,41.8224,9.96648,0,0,1699437735
1,46.1083,11.8327,0,0,1699437735
1,44.6948,14.5191,0,0,1699437735
1,38.973,8.06756,0,0,1699437735
1,34.8547,8.06756,0,0,1699437735
1,33.2646,8.06756,0,0,1699437735
1,33.4971,9.04213,0,0,1699437735
1,37.0402,3.86744,0,0,1699437735
1,41.6513,4.8669,0,0,1699437735
1,42.2129,6.88439,0,0,1699437735
1,38.9021,6.81205,0,0,1699437735
1,37.7286,7.58048,0,0,1699437735
1,41.0112,9.08193,0,0,1699437735
1,43.0791,8.14091,0,0,1699437735
1,39.3599,8.52781,0,0,1699437735
1,33.3353,11.8371,0,0,1699437735
1,31.8396,11.629,0,0,1699437735
1,34.6669,7.93928,0,0,1699437735
1,37.1686,5.21472,0,0,1699437735
1,39.5032,3.51001,0,0,1699437735
1,41.5354,2.32292,0,0,1699437735
1,41.5977,2.22287,0,0,1699437735
1,40.5958,3.12051,0,0,1699437735
1,38.8887,3.79717,0,0,1699437735
1,37.1664,3.55815,0,0,1699437735
1,36.4366,4.41665,0,0,1699437735
1,35.8203,6.81028,0,0,1699437735
1,34.7557,8.52464,0,0,1699437735
1,33.325,9.79473,0,0,1699437735
1,31.4295,10.1386,0,0,1699437735
1,32.708,7.74549,0,0,1699437735
1,38.3951,6.28099,0,0,1699437735
1,40.3514,8.15862,0,0,1699437735
1,35.1217,9.23767,0,0,1699437735
1,30.2604,8.10791,0,0,1699437735
1,31.6246,7.33426,0,0,1699437735
1,36.0389,8.5154,0,0,1699437735
1,36.8545,10.2655,0,0,1699437735
1,34.947,11.0357,0,0,1699437735
1,36.962,12.2157,0,0,1699437735
1,41.9763,11.6908,0,0,1699437735
1,42.6937,8.57153,0,0,1699437735
1,39.8848,7.13231,0,0,1699437735
1,38.2811,6.67618,0,0,1699437735
1,37.9427,7.36339,0,0,1699437735
1,38.3825,9.95255,0,0,1699437735
1,37.3404,9.49533,0,0,1699437735
1,33.3511,6.67931,0,0,1699437735
1,30.7911,7.3552,0,0,1699437735
1,31.8477,10.9077,0,0,1699437735
1,33.4858,12.0125,0,0,1699437735
1,33.5036,10.2613,0,0,1699437735
1,32.5651,10.713,0,0,1699437735
1,33.9929,13.8762,0,0,1699437735
1,37.7,8.06756,0,0,1699437735
1,38.1144,14.001,0,0,1699437735
1,34.2892,11.3881,0,0,1699437735
1,30.5974,8.274,0,0,1699437735
1,30.576,8.93747,0,0,1699437735
1,34.5293,13.2854,0,0,1699437735
1,36.9795,14.177,0,0,1699437735
1,34.5786,10.5422,0,0,1699437735
1,32.2014,6.61972,0,0,1699437735
1,32.927,3.64661,0,0,1699437735
1,33.9768,3.29115,0,0,1699437735
1,33.3955,5.08018,0,0,1699437735
1,31.4701,4.72976,0,0,1699437735
1,30.4158,3.50568,0,0,1699437735
1,32.6356,5.45105,0,0,1699437735
1,36.232,8.33712,0,0,1699437735
1,39.0113,10.4346,0,0,1699437735
1,40.803,12.7049,0,0,1699437735
1,39.6264,12.2093,0,0,1699437735
1,36.3835,10.2641,0,0,1699437735
1,34.8975,10.5184,0,0,1699437735
1,36.049,9.17199,0,0,1699437735
1,36.105,5.67663,0,0,1699437735
1,33.8564,3.9305,0,0,1699437735
1,34.1236,3.53684,0,0,1699437735
1,36.0464,4.16612,0,0,1699437735
1,35.4162,6.15523,0,0,1699437735
1,31.999,6.49934,0,0,1699437735
1,27.9784,6.01153,0,0,1699437735
1,28.3849,8.61655,0,0,1699437735
1,31.937,9.5623,0,0,1699437735
1,31.7333,6.73434,0,0,1699437735
1,30.0042,7.16962,0,0,1699437735
1,33.0968,9.04336,0,0,1699437735
1,37.5721,6.13352,0,0,1699437735
1,37.1567,3.2366,0,0,1699437735
1,34.2424,5.29847,0,0,1699437735
1,33.8337,6.7906,0,0,1699437735
1,35.1555,5.8663,0,0,1699437735
1,34.1995,6.60655,0,0,1699437735
1,30.7507,8.7978,0,0,1699437735
1,30.0833,12.4465,0,0,1699437735
1,34.2285,8.06756,0,0,1699437735
1,37.0781,12.0596,0,0,1699437735
1,37.0962,8.63354,0,0,1699437735
1,40.6238,9.81252,0,0,1699437735
1,44.4028,12.2092,0,0,1699437735
1,40.3366,12.29,0,0,1699437735
1,34.9031,9.17934,0,0,1699437735
1,36.0115,5.87371,0,0,1699437735
1,38.1306,6.6053,0,0,1699437735
1,36.8046,9.68521,0,0,1699437735
1,36.7735,12.6238,0,0,1699437735
1,39.5632,14.589,0,0,1699437735
1,40.3315,12.9559,0,0,1699437735
1,39.9742,9.66597,0,0,1699437735
1,41.5216,9.05497,0,0,1699437735
1,40.1605,10.8349,0,0,1699437735
1,34.4219,11.2576,0,0,1699437735
1,31.3725,8.51795,0,0,1699437735
1,32.1086,5.75777,0,0,1699437735
1,31.9556,5.71032,0,0,1699437735
1,31.9067,8.24612,0,0,1699437735
1,34.1792,11.1527,0,0,1699437735
1,38.1626,11.4385,0,0,1699437735
1,40.275,10.3687,0,0,1699437735
1,39.0649,10.2882,0,0,1699437735
1,39.5431,9.89564,0,0,1699437735
1,40.8035,8.35628,0,0,1699437735
1,39.7563,6.89153,0,0,1699437735
1,37.5478,6.32721,0,0,1699437735
1,32.7031,7.06991,0,0,1699437735
1,28.3238,7.42628,0,0,1699437735
1,29.9187,6.13823,0,0,1699437735
1,34.5624,6.20515,0,0,1699437735
1,37.0185,7.29727,0,0,1699437735
1,36.8817,6.4869,0,0,1699437735
1,35.6619,6.66138,0,0,1699437735
1,33.7213,8.79061,0,0,1699437735
1,32.7285,10.092,0,0,1699437735
1,34.5497,11.7821,0,0,1699437735
1,36.8003,11.8964,0,0,1699437735
1,37.4245,8.90014,0,0,1699437735
1,37.442,7.95276,0,0,1699437735
1,37.3502,7.81487,0,0,1699437735
1,38.2325,5.36002,0,0,1699437735
1,39.6658,4.63125,0,0,1699437735
1,38.2591,6.31828,0,0,1699437735
1,34.9914,7.89057,0,0,1699437735
1,35.1789,10.3007,0,0,1699437735
1,38.8425,13.7806,0,0,1699437735
1,39.5243,8.06756,0,0,1699437735
1,39.5243,14.6139,0,0,1699437735
1,39.5243,10.123,0,0,1699437735
1,47.3735,7.3589,0,0,1699437735
1,38.0791,8.27305,0,0,1699437735
1,40.5526,9.15318,0,0,1699437735
1,40.6225,10.3649,0,0,1699437735
1,40.983,13.1301,0,0,1699437735
1,40.3879,12.4942,0,0,1699437735
1,37.1083,6.95938,0,0,1699437735
1,36.9453,3.9735,0,0,1699437735
1,41.2191,7.27195,0,0,1699437735
1,44.7562,10.6094,0,0,1699437735
1,45.9665,9.594,0,0,1699437735
1,44.5358,6.54697,0,0,1699437735
1,42.3798,4.62394,0,0,1699437735
1,42.4614,4.21508,0,0,1699437735
1,40.171,3.13226,0,0,1699437735
1,35.0445,2.44521,0,0,1699437735
1,33.7488,4.2385,0,0,1699437735
1,33.907,6.14139,0,0,1699437735
1,31.6098,6.12062,0,0,1699437735
1,30.1777,6.07827,0,0,1699437735
1,31.0557,7.87174,0,0,1699437735
1,32.3283,8.86795,0,0,1699437735
1,33.8469,9.28975,0,0,1699437735
1,36.7795,12.0662,0,0,1699437735
1,38.8366,12.2409,0,0,1699437735
1,37.2517,7.57322,0,0,1699437735
1,34.2758,4.12497,0,0,1699437735
1,33.805,3.62234,0,0,1699437735
1,34.5091,3.86861,0,0,1699437735
1,31.5865,6.6812,0,0,1699437735
1,28.9116,11.7347,0,0,1699437735
1,31.8024,12.7689,0,0,1699437735
1,35.5637,9.72072,0,0,1699437735
1,37.1105,6.91716,0,0,1699437735
1,38.442,5.90294,0,0,1699437735
1,39.1372,8.13744,0,0,1699437735
1,37.4743,12.7973,0,0,1699437735
1,34.4392,8.06756,0,0,1699437735
1,32.6878,11.7166,0,0,1699437735
1,33.8838,7.0897,0,0,1699437735
1,38.6408,6.61906,0,0,1699437735
1,44.1042,6.85832,0,0,1699437735
1,46.0622,4.96848,0,0,1699437735
1,42.5034,5.05176,0,0,1699437735
1,34.0279,8.18908,0,0,1699437735
1,39.5243,9.63462,0,0,1699437735
1,28.5235,8.96645,0,0,1699437735
1,33.6251,8.42779,0,0,1699437735
1,37.2717,8.56368,0,0,1699437735
1,40.3831,11.1541,0,0,1699437735
1,45.1959,13.2946,0,0,1699437735
1,48.4261,10.1914,0,0,1699437735
1,45.7791,5.96052,0,0,1699437735
1,41.4039,4.85005,0,0,1699437735
1,42.1308,4.87028,0,0,1699437735
1,44.2106,5.12478,0,0,1699437735
1,39.9218,6.66483,0,0,1699437735
1,35.3156,8.90003,0,0,1699437735
1,38.3222,9.21788,0,0,1699437735
1,40.8471,7.60099,0,0,1699437735
1,36.9515,5.95574,0,0,1699437735
1,36.0635,4.81553,0,0,1699437735
1,41.5568,6.16621,0,0,1699437735
1,45.4669,8.38001,0,0,1699437735
1,45.1756,10.5357,0,0,1699437735
1,42.2631,14.3808,0,0,1699437735
1,39.7516,13.398,0,0,1699437735
1,39.0846,6.92033,0,0,1699437735
1,37.4649,4.05341,0,0,1699437735
1,37.5606,5.80161,0,0,1699437735
1,40.5979,8.42956,0,0,1699437735
1,41.7928,10.7039,0,0,1699437735
1,41.9309,11.0987,0,0,1699437735
1,43.4787,7.66264,0,0,1699437735
1,43.0329,4.84869,0,0,1699437735
1,38.8466,6.95402,0,0,1699437735
1,35.4798,7.46643,0,0,1699437735
1,35.5136,4.46245,0,0,1699437735
1,37.408,2.80122,0,0,1699437735
1,39.3239,1.94865,0,0,1699437735
1,39.4699,8.06756,0,0,1699437735
1,38.24,1.70264,0,0,1699437735
1,38.4011,4.03797,0,0,1699437735
1,38.2513,6.25041,0,0,1699437735
1,34.2393,7.18256,0,0,1699437735
1,31.2532,7.5843,0,0,1699437735
1,33.7444,7.14795,0,0,1699437735
1,35.9581,7.08743,0,0,1699437735
1,34.5745,7.8399,0,0,1699437735
1,35.9712,7.83881,0,0,1699437735
1,41.1097,8.31372,0,0,1699437735
1,43.8721,8.88938,0,0,1699437735
1,43.6337,7.53083,0,0,1699437735
1,42.914,5.75363,0,0,1699437735
1,44.8844,5.43297,0,0,1699437735
1,48.0408,7.62204,0,0,1699437735
1,46.0283,12.3333,0,0,1699437735
1,41.2018,8.06756,0,0,1699437735
1,38.9526,13.9688,0,0,1699437735
1,37.7601,10.3175,0,0,1699437735
1,36.2263,7.91757,0,0,1699437735
1,37.3973,7.87685,0,0,1699437735
1,41.1596,8.15462,0,0,1699437735
1,41.6819,7.46052,0,0,1699437735
1,36.9811,6.5689,0,0,1699437735
1,31.8749,5.25049,0,0,1699437735
1,29.7738,4.48041,0,0,1699437735
1,29.1671,4.53496,0,0,1699437735
1,31.2111,3.91044,0,0,1699437735
1,36.0601,3.83879,0,0,1699437735
1,36.5835,4.97164,0,0,1699437735
1,33.909,5.06835,0,0,1699437735
1,36.9272,4.39779,0,0,1699437735
1,42.8042,5.42607,0,0,1699437735
1,43.3261,7.39289,0,0,1699437735
1,39.9444,6.93757,0,0,1699437735
1,38.4001,5.31714,0,0,1699437735
1,38.7546,6.15005,0,0,1699437735
1,38.1804,6.74793,0,0,1699437735
1,35.9261,5.86327,0,0,1699437735
1,34.004,7.35884,0,0,1699437735
1,37.4325,9.26596,0,0,1699437735
1,45.0006,7.35639,0,0,1699437735
1,46.7706,3.4064,0,0,1699437735
1,40.2455,2.03036,0,0,1699437735
1,32.9661,4.70797,0,0,1699437735
1,30.0464,9.07648,0,0,1699437735
1,31.5065,12.2483,0,0,1699437735
1,35.3295,11.0567,0,0,1699437735
1,38.5393,6.45842,0,0,1699437735
1,40.1595,4.68079,0,0,1699437735
1,40.3487,6.59932,0,0,1699437735
1,37.7942,7.15974,0,0,1699437735
1,35.7095,5.69617,0,0,1699437735
1,37.9316,5.54551,0,0,1699437735
1,40.1749,6.54059,0,0,1699437735
1,39.1724,5.9541,0,0,1699437735
1,36.7651,6.09831,0,0,1699437735
1,33.5757,11.0367,0,0,1699437735
1,31.1615,8.06756,0,0,1699437735
1,32.8647,14.4064,0,0,1699437735
1,39.0035,14.3079,0,0,1699437735
1,43.7162,8.06756,0,0,1699437735
1,40.8943,12.9441,0,0,1699437735
1,35.6763,8.15675,0,0,1699437735
1,36.9272,4.56878,0,0,1699437735
1,41.1338,3.89052,0,0,1699437735
1,39.4177,5.5951,0,0,1699437735
1,32.3808,7.24128,0,0,1699437735
1,28.281,7.56456,0,0,1699437735
1,30.6884,6.50359,0,0,1699437735
1,34.1226,4.46258,0,0,1699437735
1,35.4079,4.72437,0,0,1699437735
1,37.232,9.43314,0,0,1699437735
1,37.5824,12.454,0,0,1699437735
1,34.7497,9.28111,0,0,1699437735
1,33.5651,5.28966,0,0,1699437735
1,35.0674,3.6985,0,0,1699437735
1,37.5059,4.08823,0,0,1699437735
1,39.5,6.7474,0,0,1699437735
1,38.6204,7.24405,0,0,1699437735
1,37.3746,3.9692,0,0,1699437735
1,39.6872,2.26349,0,0,1699437735
1,43.1549,4.05397,0,0,1699437735
1,43.3831,6.73371,0,0,1699437735
1,41.3922,9.41723,0,0,1699437735
1,38.8173,11.0967,0,0,1699437735
1,34.6084,10.3207,0,0,1699437735
1,31.9909,9.81404,0,0,1699437735
1,32.5534,10.4625,0,0,1699437735
1,33.0331,9.80291,0,0,1699437735
1,31.9969,8.96169,0,0,1699437735
1,31.3371,9.00433,0,0,1699437735
1,32.6134,10.0956,0,0,1699437735
1,33.9885,14.5501,0,0,1699437735
1,34.5128,8.06756,0,0,1699437735
1,32.9278,8.06756,0,0,1699437735
1,30.1316,13.6141,0,0,1699437735
1,31.1869,10.8586,0,0,1699437735
1,34.7264,7.58294,0,0,1699437735
1,37.3173,4.80803,0,0,1699437735
1,40.642,2.84284,0,0,1699437735
1,44.219,4.18857,0,0,1699437735
1,45.0679,8.56281,0,0,1699437735
1,44.0134,8.51106,0,0,1699437735
1,42.2456,5.46436,0,0,1699437735
1,38.5227,5.86176,0,0,1699437735
1,34.9995,6.77986,0,0,1699437735
1,32.7366,5.21693,0,0,1699437735
1,28.9826,4.86244,0,0,1699437735
1,39.5243,7.07993,0,0,1699437735
1,28.2683,7.63699,0,0,1699437735
1,32.7921,6.21659,0,0,1699437735
1,35.8159,6.30345,0,0,1699437735
1,33.2901,6.30095,0,0,1699437735
1,39.5243,5.31387,0,0,1699437735
1,39.5243,6.97961,0,0,1699437735
1,31.4036,11.2515,0,0,1699437735
1,38.6546,13.2534,0,0,1699437735
1,43.2858,10.9117,0,0,1699437735
1,41.4197,7.12746,0,0,1699437735
1,35.7172,5.54833,0,0,1699437735
1,34.375,7.37696,0,0,1699437735
1,36.7045,9.78276,0,0,1699437735
1,37.0214,8.94804,0,0,1699437735
1,35.8903,7.08097,0,0,1699437735
1,36.8001,8.16803,0,0,1699437735
1,39.3727,9.80351,0,0,1699437735
1,38.1034,10.9697,0,0,1699437735
1,33.7007,12.9667,0,0,1699437735
1,35.3446,12.5145,0,0,1699437735
1,41.0414,9.19024,0,0,1699437735
1,40.2978,6.12879,0,0,1699437735
1,33.8809,4.03228,0,0,1699437735
1,29.9559,3.21104,0,0,1699437735
1,31.9019,3.68793,0,0,1699437735
1,35.5957,4.02353,0,0,1699437735
1,35.299,3.03234,0,0,1699437735
1,31.7606,2.34031,0,0,1699437735
1,29.697,4.40708,0,0,1699437735
1,31.0986,7.03941,0,0,1699437735
1,35.0171,6.54992,0,0,1699437735
1,38.2005,5.39367,0,0,1699437735
1,36.7068,6.00954,0,0,1699437735
1,33.0997,5.63669,0,0,1699437735
1,32.9062,4.37617,0,0,1699437735
1,32.6918,5.88309,0,0,1699437735
1,31.4163,8.84095,0,0,1699437735
1,34.5675,8.54611,0,0,1699437735
1,36.5712,6.43494,0,0,1699437735
1,35.8405,6.4904,0,0,1699437735
1,39.5285,6.78489,0,0,1699437735
1,42.1123,5.47007,0,0,1699437735
1,39.2512,5.97174,0,0,1699437735
1,38.2346,9.02462,0,0,1699437735
1,40.9873,10.3496,0,0,1699437735
1,40.8495,9.35202,0,0,1699437735
1,37.0593,8.79072,0,0,1699437735
1,35.1948,8.4449,0,0,1699437735
1,35.694,9.09819,0,0,1699437735
1,37.2931,11.7878,0,0,1699437735
1,39.037,14.6283,0,0,1699437735
1,39.1447,8.06756,0,0,1699437735
1,37.5793,11.9139,0,0,1699437735
1,34.4294,7.26419,0,0,1699437735
1,32.1664,5.28426,0,0,1699437735
1,34.5378,3.95803,0,0,1699437735
1,41.0646,3.44553,0,0,1699437735
1,45.3416,4.50785,0,0,1699437735
1,43.8975,4.76175,0,0,1699437735
1,41.6268,5.38424,0,0,1699437735
1,39.8622,7.68602,0,0,1699437735
1,35.8984,10.3841,0,0,1699437735
1,34.3717,11.5086,0,0,1699437735
1,37.241,8.27816,0,0,1699437735
1,37.2277,4.48539,0,0,1699437735
1,35.3221,5.3459,0,0,1699437735
1,37.9074,5.92995,0,0,1699437735
1,39.7568,3.89275,0,0,1699437735
1,35.8182,5.14134,0,0,1699437735
1,32.4552,8.83932,0,0,1699437735
1,34.4709,9.29617,0,0,1699437735
1,37.1828,8.17855,0,0,1699437735
1,37.5473,8.10124,0,0,1699437735
1,38.5716,7.04119,0,0,1699437735
1,39.5202,5.32707,0,0,1699437735
1,37.2863,5.20049,0,0,1699437735
1,33.1034,7.30702,0,0,1699437735
1,30.5439,9.36413,0,0,1699437735
1,31.0516,8.01134,0,0,1699437735
1,33.7944,4.58562,0,0,1699437735
1,36.8335,2.62583,0,0,1699437735
1,38.1076,3.38232,0,0,1699437735
1,37.2705,5.00148,0,0,1699437735
1,35.0752,4.25488,0,0,1699437735
1,31.6232,2.48511,0,0,1699437735
1,28.366,2.30541,0,0,1699437735
1,30.4576,2.0785,0,0,1699437735
1,37.5962,8.06756,0,0,1699437735
1,40.3796,1.82828,0,0,1699437735
1,37.5336,4.51735,0,0,1699437735
1,36.2879,6.91442,0,0,1699437735
1,37.7269,6.96462,0,0,1699437735
1,38.7435,6.1323,0,0,1699437735
1,37.723,8.0377,0,0,1699437735
1,33.9129,12.0791,0,0,1699437735
1,29.5962,13.5714,0,0,1699437735
1,29.6097,12.1543,0,0,1699437735
1,33.2834,10.6001,0,0,1699437735
1,34.8662,9.02571,0,0,1699437735
1,32.532,6.39399,0,0,1699437735
1,31.9375,3.54457,0,0,1699437735
1,36.0123,2.64278,0,0,1699437735
1,37.2558,3.06848,0,0,1699437735
1,33.0311,3.37941,0,0,1699437735
1,30.6006,4.29649,0,0,1699437735
1,30.332,5.19174,0,0,1699437735
1,28.2483,6.14702,0,0,1699437735
1,28.0218,7.38876,0,0,1699437735
1,30.9449,7.74853,0,0,1699437735
1,34.4136,8.83146,0,0,1699437735
1,39.1201,9.12612,0,0,1699437735
1,42.3045,5.69604,0,0,1699437735
1,41.9582,4.22853,0,0,1699437735
1,38.5149,7.73046,0,0,1699437735
1,32.9097,12.8964,0,0,1699437735
1,31.6362,8.06756,0,0,1699437735
1,36.4172,8.06756,0,0,1699437735
1,41.0725,10.0846,0,0,1699437735
1,41.9817,4.52275,0,0,1699437735
1,38.8639,6.12267,0,0,1699437735
1,33.18,7.63443,0,0,1699437735
1,29.6468,7.14436,0,0,1699437735
1,35.5979,7.27259,0,0,1699437735
1,46.3123,6.44006,0,0,1699437735
1,44.3403,6.6273,0,0,1699437735
1,34.4346,10.6143,0,0,1699437735
1,34.7945,11.8085,0,0,1699437735
1,40.565,9.85583,0,0,1699437735
1,44.1095,10.5512,0,0,1699437735
1,46.5122,9.9415,0,0,1699437735
1,45.1743,7.50551,0,0,1699437735
1,41.1642,9.15042,0,0,1699437735
1,38.4292,11.4427,0,0,1699437735
1,37.4326,8.99923,0,0,1699437735
1,37.3374,4.93788,0,0,1699437735
1,37.9495,3.84083,0,0,1699437735
1,38.7338,5.11489,0,0,1699437735
1,38.6137,5.97582,0,0,1699437735
1,37.1951,7.10402,0,0,1699437735
1,36.0224,9.0246,0,0,1699437735
1,37.1167,9.79419,0,0,1699437735
1,38.7808,8.877,0,0,1699437735
1,38.026,6.442,0,0,1699437735
1,34.7217,5.87632,0,0,1699437735
1,29.8453,9.98777,0,0,1699437735
1,39.5243,12.2484,0,0,1699437735
1,39.5243,9.64937,0,0,1699437735
1,28.6717,8.45148,0,0,1699437735
1,32.7255,9.54228,0,0,1699437735
1,35.1043,9.24945,0,0,1699437735
1,36.5119,8.03631,0,0,1699437735
1,41.4537,7.23647,0,0,1699437735
1,43.9247,6.69425,0,0,1699437735
1,40.1871,6.47389,0,0,1699437735
1,36.9219,6.05734,0,0,1699437735
1,34.0742,7.14293,0,0,1699437735
1,29.7304,9.89276,0,0,1699437735
1,28.8196,11.1208,0,0,1699437735
1,33.1049,11.0533,0,0,1699437735
1,36.4708,9.4161,0,0,1699437735
1,35.2123,7.49369,0,0,1699437735
1,32.8138,8.62544,0,0,1699437735
1,32.3176,9.68215,0,0,1699437735
1,33.5109,7.81563,0,0,1699437735
1,33.846,5.17829,0,0,1699437735
1,31.8072,4.78217,0,0,1699437735
1,31.6003,5.8362,0,0,1699437735
1,33.6924,5.50266,0,0,1699437735
1,32.4171,5.28069,0,0,1699437735
1,29.651,5.82591,0,0,1699437735
1,30.3284,6.52393,0,0,1699437735
1,33.3445,7.74613,0,0,1699437735
1,33.818,6.41566,0,0,1699437735
1,28.4076,3.40369,0,0,1699437735
1,39.5243,3.9433,0,0,1699437735
1,39.5243,7.15158,0,0,1699437735
1,32.4153,9.33467,0,0,1699437735
1,32.9859,9.26946,0,0,1699437735
1,31.5361,8.44236,0,0,1699437735
1,31.7991,11.1485,0,0,1699437735
1,34.5539,8.06756,0,0,1699437735
1,36.4164,14.2917,0,0,1699437735
1,36.2031,7.27918,0,0,1699437735
1,36.4814,4.41155,0,0,1699437735
1,34.1548,5.43434,0,0,1699437735
1,28.8509,7.07111,0,0,1699437735
1,39.5243,9.50982,0,0,1699437735
1,30.7613,9.44211,0,0,1699437735
1,33.4546,6.70021,0,0,1699437735
1,33.724,7.68712,0,0,1699437735
1,33.3966,11.2351,0,0,1699437735
1,35.7236,9.78504,0,0,1699437735
1,37.7398,5.86035,0,0,1699437735
1,34.653,4.55974,0,0,1699437735
1,29.0944,3.6828,0,0,1699437735
1,39.5243,2.78346,0,0,1699437735
1,32.7418,4.34572,0,0,1699437735
1,39.4466,8.17894,0,0,1699437735
1,40.5176,10.4113,0,0,1699437735
1,35.0175,9.62971,0,0,1699437735
1,29.5435,8.55676,0,0,1699437735
1,28.1557,8.79591,0,0,1699437735
1,31.8414,12.7939,0,0,1699437735
1,37.7187,8.06756,0,0,1699437735
1,39.0105,8.06756,0,0,1699437735
1,36.4415,12.4999,0,0,1699437735
1,35.7303,9.15,0,0,1699437735
1,35.8012,8.8645,0,0,1699437735
1,34.721,8.53045,0,0,1699437735
1,35.1113,9.47844,0,0,1699437735
1,36.4027,12.8603,0,0,1699437735
1,36.3635,12.6727,0,0,1699437735
1,36.1131,7.52342,0,0,1699437735
1,34.8885,5.15696,0,0,1699437735
1,31.5279,7.824,0,0,1699437735
1,28.3502,8.69914,0,0,1699437735
1,39.5243,7.10878,0,0,1699437735
1,27.8032,6.89043,0,0,1699437735
1,32.6658,6.1527,0,0,1699437735
1,41.0541,5.16005,0,0,1699437735
1,43.992,6.02763,0,0,1699437735
1,42.0517,7.03938,0,0,1699437735
1,40.4474,7.79096,0,0,1699437735
1,37.1635,7.95751,0,0,1699437735
1,34.9262,6.49459,0,0,1699437735
1,38.3539,7.63668,0,0,1699437735
1,42.3936,14.8193,0,0,1699437735
1,41.8948,8.06756,0,0,1699437735
1,37.9213,8.06756,0,0,1699437735
1,32.2092,10.2943,0,0,1699437735
1,29.9235,7.63679,0,0,1699437735
1,34.4457,6.75822,0,0,1699437735
1,38.3518,5.97522,0,0,1699437735
1,35.4576,6.83395,0,0,1699437735
1,29.0241,10.0312,0,0,1699437735
1,39.5243,11.3032,0,0,1699437735
1,39.5243,7.57318,0,0,1699437735
1,30.5314,4.43653,0,0,1699437735
1,32.4725,6.70365,0,0,1699437735
1,31.7836,10.1452,0,0,1699437735
1,35.108,9.36908,0,0,1699437735
1,42.0375,6.62058,0,0,1699437735
1,43.7447,6.08692,0,0,1699437735
1,40.4611,9.33444,0,0,1699437735
1,37.7743,14.0415,0,0,1699437735
1,35.3525,14.1974,0,0,1699437735
1,33.2664,10.3155,0,0,1699437735
1,32.0789,6.89136,0,0,1699437735
1,29.7726,6.48044,0,0,1699437735
1,27.8681,11.447,0,0,1699437735
1,30.0217,8.06756,0,0,1699437735
1,35.607,14.8164,0,0,1699437735
1,37.3883,12.869,0,0,1699437735
1,32.6496,10.1835,0,0,1699437735
1,31.5868,7.59628,0,0,1699437735
1,37.0182,10.7944,0,0,1699437735
1,39.5648,14.8785,0,0,1699437735
1,37.6367,11.7948,0,0,1699437735
1,36.4769,5.92953,0,0,1699437735
1,36.424,4.35417,0,0,1699437735
1,35.6959,5.68508,0,0,1699437735
1,36.049,8.55917,0,0,1699437735
1,37.9293,14.8561,0,0,1699437735
1,38.996,8.06756,0,0,1699437735
1,37.8526,8.06756,0,0,1699437735
1,34.5871,14.3046,0,0,1699437735
1,32.8916,12.4086,0,0,1699437735
1,34.1472,10.2806,0,0,1699437735
1,33.9021,9.01281,0,0,1699437735
1,34.0715,9.71139,0,0,1699437735
1,40.3249,9.1048,0,0,1699437735
1,46.3194,6.58586,0,0,1699437735
1,43.6586,4.25518,0,0,1699437735
1,36.5475,2.74334,0,0,1699437735
1,32.323,4.68862,0,0,1699437735
1,32.0732,10.5437,0,0,1699437735
1,33.4066,12.2244,0,0,1699437735
1,33.2099,8.04452,0,0,1699437735
1,31.2331,6.35358,0,0,1699437735
1,30.5548,9.33812,0,0,1699437735
1,30.4906,13.1104,0,0,1699437735
1,29.9407,8.06756,0,0,1699437735
1,31.2764,13.644,0,0,1699437735
1,32.8406,11.5759,0,0,1699437735
1,32.986,11.5536,0,0,1699437735
1,34.9886,11.2952,0,0,1699437735
1,37.0344,10.7551,0,0,1699437735
1,34.3743,11.4948,0,0,1699437735
1,32.4575,10.092,0,0,1699437735
1,36.6194,6.11363,0,0,1699437735
1,40.8497,4.13177,0,0,1699437735
1,41.6993,5.60756,0,0,1699437735
1,41.2025,7.43845,0,0,1699437735
1,38.7369,7.52972,0,0,1699437735
1,34.32,6.7053,0,0,1699437735
1,31.059,6.03146,0,0,1699437735
1,31.5404,6.7888,0,0,1699437735
1,35.0597,10.38,0,0,1699437735
1,38.0056,13.3609,0,0,1699437735
1,37.6408,12.0637,0,0,1699437735
1,35.7642,12.2347,0,0,1699437735
1,35.8548,14.4729,0,0,1699437735
1,37.7461,13.9677,0,0,1699437735
1,37.9843,14.556,0,0,1699437735
1,36.7381,8.06756,0,0,1699437735
1,38.1657,12.5712,0,0,1699437735
1,40.2857,14.5301,0,0,1699437735
1,38.8201,8.06756,0,0,1699437735
1,36.9374,8.06756,0,0,1699437735
1,38.3229,13.9024,0,0,1699437735
1,39.4549,7.00822,0,0,1699437735
1,36.9801,3.07867,0,0,1699437735
1,32.9723,2.75962,0,0,1699437735
1,30.1478,5.24241,0,0,1699437735
1,30.8992,10.982,0,0,1699437735
1,34.0301,8.06756,0,0,1699437735
1,34.8031,8.06756,0,0,1699437735
1,33.6053,10.2934,0,0,1699437735
1,33.0422,6.4129,0,0,1699437735
1,33.9978,8.09289,0,0,1699437735
1,36.9233,8.71711,0,0,1699437735
1,40.2558,6.65607,0,0,1699437735
1,39.9535,5.86644,0,0,1699437735
1,35.4923,6.36459,0,0,1699437735
1,31.4919,6.45069,0,0,1699437735
1,27.7662,6.5997,0,0,1699437735
1,39.5243,6.15554,0,0,1699437735
1,30.0404,6.74362,0,0,1699437735
1,32.5789,9.35724,0,0,1699437735
1,30.4683,9.7755,0,0,1699437735
1,31.73,7.93846,0,0,1699437735
1,34.8881,7.86428,0,0,1699437735
1,35.5889,9.5308,0,0,1699437735
1,33.5417,10.5645,0,0,1699437735
1,30.9608,10.5738,0,0,1699437735
1,32.954,11.5117,0,0,1699437735
1,37.0506,11.8276,0,0,1699437735
1,36.3312,8.26311,0,0,1699437735
1,33.6789,6.87616,0,0,1699437735
1,33.1142,11.778,0,0,1699437735
1,32.0237,13.5243,0,0,1699437735
1,31.8511,9.62232,0,0,1699437735
1,33.2657,8.30277,0,0,1699437735
1,31.1019,10.3649,0,0,1699437735
1,28.4082,12.7562,0,0,1699437735
1,30.6306,8.06756,0,0,1699437735
1,33.9574,8.06756,0,0,1699437735
1,34.0147,9.72408,0,0,1699437735
1,31.0575,3.88543,0,0,1699437735
1,30.4575,3.21935,0,0,1699437735
1,35.7889,5.37421,0,0,1699437735
1,39.2002,5.29996,0,0,1699437735
1,36.0697,4.90266,0,0,1699437735
1,33.2137,8.55485,0,0,1699437735
1,33.7792,13.3202,0,0,1699437735
1,36.7337,8.06756,0,0,1699437735
1,40.3836,8.06756,0,0,1699437735
1,40.3713,8.06756,0,0,1699437735
1,36.5274,8.06756,0,0,1699437735
1,33.9159,8.06756,0,0,1699437735
1,35.1067,11.7751,0,0,1699437735
1,37.8741,9.19486,0,0,1699437735
1,38.2675,10.9824,0,0,1699437735
1,35.6656,10.2336,0,0,1699437735
1,32.5285,6.48655,0,0,1699437735
1,29.4875,6.08327,0,0,1699437735
1,39.5243,8.26632,0,0,1699437735
1,29.6639,11.1522,0,0,1699437735
1,35.2054,13.574,0,0,1699437735
1,39.3536,12.0075,0,0,1699437735
1,38.0212,8.80452,0,0,1699437735
1,35.7105,10.3538,0,0,1699437735
1,39.1428,13.8411,0,0,1699437735
1,42.3235,13.6901,0,0,1699437735
1,38.4312,14.0423,0,0,1699437735
1,34.4961,8.06756,0,0,1699437735
1,34.5684,8.06756,0,0,1699437735
1,35.4309,10.6448,0,0,1699437735
1,38.0302,4.78887,0,0,1699437735
1,39.475,5.53375,0,0,1699437735
1,35.0853,7.33055,0,0,1699437735
1,31.011,8.39351,0,0,1699437735
1,34.9526,8.12208,0,0,1699437735
1,40.5221,5.06675,0,0,1699437735
1,37.9009,5.12074,0,0,1699437735
1,31.012,11.2726,0,0,1699437735
1,28.3874,8.06756,0,0,1699437735
1,33.5796,8.06756,0,0,1699437735
1,42.5484,12.1935,0,0,1699437735
1,45.6229,11.2316,0,0,1699437735
1,42.6531,11.6538,0,0,1699437735
1,39.2193,8.96207,0,0,1699437735
1,37.5447,5.68351,0,0,1699437735
1,39.1946,6.0087,0,0,1699437735
1,38.9439,9.55038,0,0,1699437735
1,33.5079,11.5567,0,0,1699437735
1,31.8094,8.63516,0,0,1699437735
1,35.7872,5.32202,0,0,1699437735
1,37.1573,4.85421,0,0,1699437735
1,37.2836,4.0585,0,0,1699437735
1,38.9186,2.895,0,0,1699437735
1,38.3667,4.93743,0,0,1699437735
1,39.2008,7.93383,0,0,1699437735
1,42.6103,8.76743,0,0,1699437735
1,41.0387,9.05035,0,0,1699437735
1,35.5553,8.12476,0,0,1699437735
1,32.8005,7.09139,0,0,1699437735
1,32.7823,7.76254,0,0,1699437735
1,32.9769,6.80935,0,0,1699437735
1,34.4902,4.7462,0,0,1699437735
1,36.5712,4.1153,0,0,1699437735
1,35.534,5.02202,0,0,1699437735
1,34.3604,9.52771,0,0,1699437735
1,37.3991,14.5851,0,0,1699437735
1,41.1209,12.2974,0,0,1699437735
1,39.9335,5.60363,0,0,1699437735
1,33.707,3.1654,0,0,1699437735
1,28.7048,3.73292,0,0,1699437735
1,28.3051,5.32855,0,0,1699437735
1,29.5357,9.77257,0,0,1699437735
1,29.4405,12.1732,0,0,1699437735
1,28.843,9.49485,0,0,1699437735
1,33.5306,7.20325,0,0,1699437735
1,40.88,8.40629,0,0,1699437735
1,41.0478,9.96758,0,0,1699437735
1,37.006,8.91765,0,0,1699437735
1,33.3406,7.17456,0,0,1699437735
1,39.5243,7.35405,0,0,1699437735
1,39.5243,9.12979,0,0,1699437735
1,31.4164,10.0002,0,0,1699437735
1,38.1937,8.44116,0,0,1699437735
1,38.1297,6.79134,0,0,1699437735
1,35.9373,6.51615,0,0,1699437735
1,36.1481,8.08119,0,0,1699437735
1,36.194,9.58085,0,0,1699437735
1,34.7799,9.01893,0,0,1699437735
1,36.0279,8.93211,0,0,1699437735
1,38.9144,8.57153,0,0,1699437735
1,38.2301,6.84324,0,0,1699437735
1,36.1696,6.84615,0,0,1699437735
1,35.2032,9.39456,0,0,1699437735
1,32.3105,10.6742,0,0,1699437735
1,28.7968,8.87609,0,0,1699437735
1,29.6773,8.03907,0,0,1699437735
1,33.3435,9.75832,0,0,1699437735
1,34.6139,11.5931,0,0,1699437735
1,35.5669,12.0261,0,0,1699437735
1,36.9808,10.5947,0,0,1699437735
1,33.6106,8.13667,0,0,1699437735
1,29.5003,6.42669,0,0,1699437735
1,32.5199,8.0881,0,0,1699437735
1,37.3796,12.9033,0,0,1699437735
1,35.1207,14.7493,0,0,1699437735
1,30.7299,11.9332,0,0,1699437735
1,32.5298,10.893,0,0,1699437735
1,36.4042,11.3483,0,0,1699437735
1,36.2129,8.26718,0,0,1699437735
1,31.319,6.18902,0,0,1699437735
1,39.5243,9.32006,0,0,1699437735
1,39.5243,10.7175,0,0,1699437735
1,32.6696,8.50958,0,0,1699437735
1,41.0219,9.57065,0,0,1699437735
1,42.7502,12.713,0,0,1699437735
1,42.1557,12.2876,0,0,1699437735
1,45.4006,8.80701,0,0,1699437735
1,47.2805,6.87239,0,0,1699437735
1,41.4913,9.00277,0,0,1699437735
1,36.2312,12.219,0,0,1699437735
1,35.2658,12.4949,0,0,1699437735
1,33.75,9.86812,0,0,1699437735
1,33.8808,9.13828,0,0,1699437735
1,37.6117,10.9045,0,0,1699437735
1,41.5309,9.2071,0,0,1699437735
1,42.0613,6.23232,0,0,1699437735
1,40.9282,7.77694,0,0,1699437735
1,40.2151,10.8147,0,0,1699437735
1,37.4922,13.1469,0,0,1699437735
1,36.2228,8.06756,0,0,1699437735
1,38.3732,8.06756,0,0,1699437735
1,37.8071,14.1462,0,0,1699437735
1,34.2871,9.15324,0,0,1699437735
1,34.2415,8.71594,0,0,1699437735
1,38.6427,9.84914,0,0,1699437735
1,40.4976,10.4377,0,0,1699437735
1,37.2888,9.36543,0,0,1699437735
1,34.5837,7.67861,0,0,1699437735
1,35.7242,8.23802,0,0,1699437735
1,37.3895,8.58513,0,0,1699437735
1,36.7034,7.32505,0,0,1699437735
1,37.4959,5.6171,0,0,1699437735
1,40.9474,4.24555,0,0,1699437735
1,42.4362,3.70959,0,0,1699437735
1,41.3497,2.54393,0,0,1699437735
1,38.3476,1.40548,0,0,1699437735
1,33.2398,2.89281,0,0,1699437735
1,29.4411,5.4868,0,0,1699437735
1,28.4001,5.73636,0,0,1699437735
1,39.5243,4.71291,0,0,1699437735
1,27.7691,5.11467,0,0,1699437735
1,32.7367,7.36889,0,0,1699437735
1,37.7943,9.38049,0,0,1699437735
1,39.8771,8.71588,0,0,1699437735
1,40.6284,6.47142,0,0,1699437735
1,38.1849,5.05797,0,0,1699437735
1,33.9184,6.46271,0,0,1699437735
1,32.8581,11.1396,0,0,1699437735
1,33.5056,8.06756,0,0,1699437735
1,33.468,13.1491,0,0,1699437735
1,34.8527,8.03007,0,0,1699437735
1,39.2109,4.88605,0,0,1699437735
1,42.2014,4.21027,0,0,1699437735
1,40.2604,5.28792,0,0,1699437735
1,38.5146,7.85063,0,0,1699437735
1,41.0925,10.2627,0,0,1699437735
1,43.7802,11.6989,0,0,1699437735
1,43.1762,12.0211,0,0,1699437735
1,41.7904,11.2068,0,0,1699437735
1,39.5283,8.92182,0,0,1699437735
1,35.2271,6.15564,0,0,1699437735
1,34.2823,6.29802,0,0,1699437735
1,37.726,8.64391,0,0,1699437735
1,39.9083,9.70119,0,0,1699437735
1,41.4917,9.45087,0,0,1699437735
1,44.9692,8.22179,0,0,1699437735
1,45.854,6.89551,0,0,1699437735
1,43.2279,8.17608,0,0,1699437735
1,41.7985,10.3249,0,0,1699437735
1,39.5396,8.80174,0,0,1699437735
1,33.6511,6.34069,0,0,1699437735
1,28.2826,8.76796,0,0,1699437735
1,28.3681,13.3512,0,0,1699437735
1,33.8891,8.06756,0,0,1699437735
1,39.5322,13.0284,0,0,1699437735
1,41.7672,8.56461,0,0,1699437735
1,38.9128,7.31887,0,0,1699437735
1,31.9427,10.4863,0,0,1699437735
1,28.6258,10.9615,0,0,1699437735
1,30.8196,8.36824,0,0,1699437735
1,33.7588,8.86324,0,0,1699437735
1,37.4403,13.2946,0,0,1699437735
1,42.0619,8.06756,0,0,1699437735
1,45.1842,11.1713,0,0,1699437735
1,46.0726,7.98403,0,0,1699437735
1,44.711,8.57924,0,0,1699437735
1,41.8913,11.6259,0,0,1699437735
1,41.3438,13.748,0,0,1699437735
1,44.927,12.862,0,0,1699437735
1,49.5437,11.9687,0,0,1699437735
1,50.941,11.3302,0,0,1699437735
1,47.3319,9.95551,0,0,1699437735
1,42.9888,8.90641,0,0,1699437735
1,44.6764,8.28326,0,0,1699437735
1,48.9108,8.43291,0,0,1699437735
1,45.6455,8.09608,0,0,1699437735
1,38.4035,5.52991,0,0,1699437735
1,37.943,4.01606,0,0,1699437735
1,41.0024,5.54823,0,0,1699437735
1,40.0981,7.3379,0,0,1699437735
1,36.8654,9.56441,0,0,1699437735
1,34.0541,12.4167,0,0,1699437735
1,33.1432,13.8114,0,0,1699437735
1,36.1417,12.9214,0,0,1699437735
1,41.9255,11.1392,0,0,1699437735
1,45.7454,11.0552,0,0,1699437735
1,42.717,11.3731,0,0,1699437735
1,34.6301,12.2738,0,0,1699437735
1,29.9507,14.5461,0,0,1699437735
1,31.3377,13.0839,0,0,1699437735
1,33.6029,7.77267,0,0,1699437735
1,34.2275,4.59086,0,0,1699437735
1,34.9617,5.52839,0,0,1699437735
1,36.3848,7.66071,0,0,1699437735
1,35.3095,7.39866,0,0,1699437735
1,31.4042,6.88437,0,0,1699437735
1,29.7748,10.2923,0,0,1699437735
1,30.869,12.6175,0,0,1699437735
1,32.2893,9.35776,0,0,1699437735
1,34.6121,6.34359,0,0,1699437735
1,36.6464,6.74967,0,0,1699437735
1,36.9221,7.69715,0,0,1699437735
1,39.0821,7.32438,0,0,1699437735
1,44.2084,5.98477,0,0,1699437735
1,44.5332,6.68711,0,0,1699437735
1,36.746,9.50448,0,0,1699437735
1,29.0921,9.61338,0,0,1699437735
1,29.9418,8.11328,0,0,1699437735
1,36.3621,9.38607,0,0,1699437735
1,38.7782,11.0837,0,0,1699437735
1,38.0942,10.0923,0,0,1699437735
1,43.5087,7.28181,0,0,1699437735
1,49.6228,5.10834,0,0,1699437735
1,44.4333,5.22467,0,0,1699437735
1,36.8563,6.47989,0,0,1699437735
1,37.7344,7.05955,0,0,1699437735
1,40.1278,8.25294,0,0,1699437735
1,39.2592,10.3221,0,0,1699437735
1,36.9908,9.45194,0,0,1699437735
1,34.7237,8.27099,0,0,1699437735
1,35.1148,10.0554,0,0,1699437735
1,38.0047,9.02272,0,0,1699437735
1,39.8077,5.49325,0,0,1699437735
1,39.8406,4.42929,0,0,1699437735
1,41.8855,5.43285,0,0,1699437735
1,45.0957,8.29275,0,0,1699437735
1,42.7191,8.06756,0,0,1699437735
1,36.8172,8.06756,0,0,1699437735
1,34.6505,8.06756,0,0,1699437735
1,36.3593,14.7891,0,0,1699437735
1,38.3655,11.6697,0,0,1699437735
1,37.2432,12.4599,0,0,1699437735
1,36.6585,13.5437,0,0,1699437735
1,40.8165,8.06756,0,0,1699437735
1,43.5754,14.5204,0,0,1699437735
1,41.9518,9.96471,0,0,1699437735
1,42.0741,5.50553,0,0,1699437735
1,46.2478,3.66129,0,0,1699437735
1,47.1836,3.53764,0,0,1699437735
1,42.1948,4.07867,0,0,1699437735
1,38.8097,4.25157,0,0,1699437735
1,38.2345,6.14698,0,0,1699437735
1,35.5916,11.5967,0,0,1699437735
1,34.5083,14.0511,0,0,1699437735
1,40.3701,8.98635,0,0,1699437735
1,46.0163,4.59912,0,0,1699437735
1,43.2721,8.01844,0,0,1699437735
1,37.1383,13.4311,0,0,1699437735
1,33.6116,8.06756,0,0,1699437735
1,32.4956,8.06756,0,0,1699437735
1,35.129,8.06756,0,0,1699437735
1,39.8694,8.06756,0,0,1699437735
1,41.1448,11.5708,0,0,1699437735
1,40.5455,11.626,0,0,1699437735
1,41.4076,13.7082,0,0,1699437735
1,40.3553,12.6648,0,0,1699437735
1,37.0531,7.80232,0,0,1699437735
1,35.9623,4.49052,0,0,1699437735
1,37.5997,4.42453,0,0,1699437735
1,38.8141,5.01425,0,0,1699437735
1,38.5218,6.3773,0,0,1699437735
1,38.7151,7.84339,0,0,1699437735
1,39.9591,6.72909,0,0,1699437735
1,39.4839,4.65112,0,0,1699437735
1,35.7795,4.10318,0,0,1699437735
1,31.9469,4.84481,0,0,1699437735
1,30.3447,6.5733,0,0,1699437735
1,30.2165,8.00462,0,0,1699437735
1,31.6353,10.0476,0,0,1699437735
1,32.4414,12.4786,0,0,1699437735
1,29.8915,11.4012,0,0,1699437735
1,28.4437,9.0256,0,0,1699437735
1,32.0626,10.507,0,0,1699437735
1,37.1949,13.7045,0,0,1699437735
1,39.083,12.7454,0,0,1699437735
1,37.3027,9.19798,0,0,1699437735
1,33.6038,11.5035,0,0,1699437735
1,30.3917,8.06756,0,0,1699437735
1,31.2414,8.06756,0,0,1699437735
1,35.6955,8.06756,0,0,1699437735
1,40.5046,8.06756,0,0,1699437735
1,43.3741,8.06756,0,0,1699437735
1,42.0728,12.9831,0,0,1699437735
1,40.8476,11.7487,0,0,1699437735
1,42.0752,13.1735,0,0,1699437735
1,40.6121,14.4178,0,0,1699437735
1,36.4033,8.06756,0,0,1699437735
1,31.95,8.06756,0,0,1699437735
1,31.7132,8.06756,0,0,1699437735
1,38.2606,10.0902,0,0,1699437735
1,43.1152,11.3515,0,0,1699437735
1,40.3985,13.3805,0,0,1699437735
1,36.0691,9.00229,0,0,1699437735
1,36.1419,3.93072,0,0,1699437735
1,39.6901,4.18462,0,0,1699437735
1,42.9444,8.46162,0,0,1699437735
1,42.0047,14.1125,0,0,1699437735
1,37.0075,8.06756,0,0,1699437735
1,33.0387,13.2081,0,0,1699437735
1,33.2035,6.99022,0,0,1699437735
1,36.5003,4.44992,0,0,1699437735
1,39.1107,3.46611,0,0,1699437735
1,40.3998,2.81449,0,0,1699437735
1,41.6657,4.31045,0,0,1699437735
1,41.1751,5.88765,0,0,1699437735
1,40.3801,7.17142,0,0,1699437735
1,40.4808,9.63293,0,0,1699437735
1,39.5152,10.7601,0,0,1699437735
1,37.8639,8.79997,0,0,1699437735
1,35.472,6.36259,0,0,1699437735
1,32.5501,5.94598,0,0,1699437735
1,31.6348,6.62449,0,0,1699437735
1,33.0842,7.91023,0,0,1699437735
1,36.3484,10.2533,0,0,1699437735
1,41.4311,10.4226,0,0,1699437735
1,44.8869,8.57512,0,0,1699437735
1,42.6168,10.1135,0,0,1699437735
1,38.4167,13.5241,0,0,1699437735
1,38.4723,13.8324,0,0,1699437735
1,40.0554,11.3874,0,0,1699437735
1,38.4935,9.40295,0,0,1699437735
1,35.8623,9.55357,0,0,1699437735
1,35.1652,8.67335,0,0,1699437735
1,36.7521,7.03086,0,0,1699437735
1,38.8096,9.01842,0,0,1699437735
1,38.2588,11.2323,0,0,1699437735
1,34.9869,11.6304,0,0,1699437735
1,31.5528,12.2554,0,0,1699437735
1,29.1618,10.2371,0,0,1699437735
1,30.2228,6.41484,0,0,1699437735
1,35.5595,4.00722,0,0,1699437735
1,39.5832,4.607,0,0,1699437735
1,40.5484,9.72531,0,0,1699437735
1,42.2668,12.6343,0,0,1699437735
1,43.4467,9.18906,0,0,1699437735
1,41.663,7.49446,0,0,1699437735
1,39.2578,10.3929,0,0,1699437735
1,37.455,11.4244,0,0,1699437735
1,35.2299,9.41067,0,0,1699437735
1,32.585,9.60061,0,0,1699437735
1,32.095,13.2561,0,0,1699437735
1,35.5312,8.06756,0,0,1699437735
1,39.073,12.2891,0,0,1699437735
1,42.777,10.6727,0,0,1699437735
1,49.0721,11.4597,0,0,1699437735
1,49.8139,9.92974,0,0,1699437735
1,43.7859,7.3927,0,0,1699437735
1,40.0173,7.31214,0,0,1699437735
1,38.1803,7.16836,0,0,1699437735
1,37.186,5.40677,0,0,1699437735
1,37.8569,4.69909,0,0,1699437735
1,37.1597,5.79883,0,0,1699437735
1,37.9465,6.46032,0,0,1699437735
1,40.2896,6.94644,0,0,1699437735
1,37.6013,9.50107,0,0,1699437735
1,33.558,11.5698,0,0,1699437735
1,34.4236,10.0966,0,0,1699437735
1,36.4069,7.47644,0,0,1699437735
1,36.1666,5.49083,0,0,1699437735
1,34.8573,4.72003,0,0,1699437735
1,34.3961,6.57399,0,0,1699437735
1,36.4156,9.35863,0,0,1699437735
1,39.1732,11.4432,0,0,1699437735
1,43.233,13.5349,0,0,1699437735
1,48.4307,8.06756,0,0,1699437735
1,48.0429,8.06756,0,0,1699437735
1,41.3889,8.06756,0,0,1699437735
1,36.0362,13.43,0,0,1699437735
1,36.4307,10.9506,0,0,1699437735
1,38.3001,9.67294,0,0,1699437735
1,38.6357,8.78113,0,0,1699437735
1,40.9007,8.48214,0,0,1699437735
1,41.7938,6.98975,0,0,1699437735
1,41.1947,5.58106,0,0,1699437735
1,46.4966,7.63985,0,0,1699437735
1,49.276,9.88497,0,0,1699437735
1,42.6647,11.3979,0,0,1699437735
1,38.3812,8.06756,0,0,1699437735
1,37.7484,8.06756,0,0,1699437735
1,33.8676,8.06756,0,0,1699437735
1,29.6203,8.06756,0,0,1699437735
1,28.4834,8.06756,0,0,1699437735
1,32.0787,11.3018,0,0,1699437735
1,36.8545,8.42202,0,0,1699437735
1,38.3143,7.92425,0,0,1699437735
1,38.9352,9.90064,0,0,1699437735
1,37.6893,12.8029,0,0,1699437735
1,33.0515,8.06756,0,0,1699437735
1,29.8786,8.06756,0,0,1699437735
1,30.657,13.5603,0,0,1699437735
1,32.85,12.5162,0,0,1699437735
1,33.8527,12.9601,0,0,1699437735
1,33.2689,11.1633,0,0,1699437735
1,33.2367,6.00693,0,0,1699437735
1,36.0128,5.29451,0,0,1699437735
1,39.2361,11.1977,0,0,1699437735
1,39.8975,8.06756,0,0,1699437735
1,38.4725,8.06756,0,0,1699437735
1,34.0869,12.1271,0,0,1699437735
1,29.3083,8.17575,0,0,1699437735
1,31.3884,6.58524,0,0,1699437735
1,38.7103,7.50636,0,0,1699437735
1,45.0812,6.96643,0,0,1699437735
1,48.4422,6.96056,0,0,1699437735
1,46.2528,8.9744,0,0,1699437735
1,40.9433,8.02173,0,0,1699437735
1,39.5279,7.64492,0,0,1699437735
1,39.4406,13.3267,0,0,1699437735
1,35.1037,8.06756,0,0,1699437735
1,32.127,12.4945,0,0,1699437735
1,33.9899,9.27586,0,0,1699437735
1,35.5395,9.34738,0,0,1699437735
1,36.8705,9.55402,0,0,1699437735
1,41.5515,9.51855,0,0,1699437735
1,48.0682,9.07294,0,0,1699437735
1,50.2553,7.28555,0,0,1699437735
1,46.1889,4.8608,0,0,1699437735
1,41.3106,3.42322,0,0,1699437735
1,38.0754,2.92819,0,0,1699437735
1,36.3356,4.04116,0,0,1699437735
1,36.6402,8.3851,0,0,1699437735
1,38.3161,12.5034,0,0,1699437735
1,40.3892,11.4228,0,0,1699437735
1,42.1451,8.42366,0,0,1699437735
1,44.4041,9.67942,0,0,1699437735
1,45.2095,12.6424,0,0,1699437735
1,42.2887,11.875,0,0,1699437735
1,39.8909,7.85326,0,0,1699437735
1,38.8014,4.25621,0,0,1699437735
1,37.4381,3.30884,0,0,1699437735
1,39.8599,5.40422,0,0,1699437735
1,45.4908,9.86112,0,0,1699437735
1,48.2805,13.0272,0,0,1699437735
1,48.3342,12.6083,0,0,1699437735
1,48.3724,11.8313,0,0,1699437735
1,46.3521,12.4376,0,0,1699437735
1,41.5919,12.7326,0,0,1699437735
1,37.2144,10.7039,0,0,1699437735
1,36.1484,6.03792,0,0,1699437735
1,38.3017,3.51366,0,0,1699437735
1,39.0862,5.32251,0,0,1699437735
1,37.2026,7.67372,0,0,1699437735
1,38.1978,9.60447,0,0,1699437735
1,42.918,9.88569,0,0,1699437735
1,45.2699,7.31566,0,0,1699437735
1,42.0656,5.03813,0,0,1699437735
1,34.8074,4.07069,0,0,1699437735
1,30.9633,5.23756,0,0,1699437735
1,35.6203,8.7067,0,0,1699437735
1,38.8464,12.1585,0,0,1699437735
1,35.628,8.06756,0,0,1699437735
1,33.0813,8.06756,0,0,1699437735
1,32.2835,10.5582,0,0,1699437735
1,35.4396,6.98006,0,0,1699437735
1,43.0203,4.8849,0,0,1699437735
1,43.5842,5.12479,0,0,1699437735
1,36.0331,9.92745,0,0,1699437735
1,32.5502,14.7065,0,0,1699437735
1,34.9236,14.4624,0,0,1699437735
1,36.229,13.069,0,0,1699437735
1,36.1049,14.702,0,0,1699437735
1,37.4424,14.6293,0,0,1699437735
1,39.3275,10.4017,0,0,1699437735
1,42.5715,6.32034,0,0,1699437735
1,46.7265,6.40922,0,0,1699437735
1,47.3407,9.49056,0,0,1699437735
1,45.2277,10.1434,0,0,1699437735
1,41.3186,8.96541,0,0,1699437735
1,35.3384,8.44444,0,0,1699437735
1,32.5086,8.29514,0,0,1699437735
1,34.2832,10.5369,0,0,1699437735
1,36.9862,13.3814,0,0,1699437735
1,38.8534,13.5046,0,0,1699437735
1,40.7844,12.7608,0,0,1699437735
1,43.5302,13.6518,0,0,1699437735
1,43.3297,13.7646,0,0,1699437735
1,39.5125,11.4585,0,0,1699437735
1,36.6459,10.4438,0,0,1699437735
1,35.0145,10.1044,0,0,1699437735
1,34.1651,8.54723,0,0,1699437735
1,34.3286,8.6618,0,0,1699437735
1,34.1308,9.45069,0,0,1699437735
1,35.6434,8.23563,0,0,1699437735
1,38.973,6.86878,0,0,1699437735
1,40.5953,7.14623,0,0,1699437735
1,40.2026,7.30597,0,0,1699437735
1,39.1096,5.15317,0,0,1699437735
1,38.2414,2.06583,0,0,1699437735
1,36.3069,8.06756,0,0,1699437735
1,31.9732,4.09297,0,0,1699437735
1,29.0867,8.33984,0,0,1699437735
1,30.8987,8.65578,0,0,1699437735
1,34.4959,7.5443,0,0,1699437735
1,37.4908,9.49589,0,0,1699437735
1,40.6404,10.1528,0,0,1699437735
1,41.5505,9.69208,0,0,1699437735
1,37.8765,12.9615,0,0,1699437735
1,34.3676,14.083,0,0,1699437735
1,34.3526,9.24002,0,0,1699437735
1,35.2465,6.78461,0,0,1699437735
1,36.8987,9.71003,0,0,1699437735
1,39.0547,10.6375,0,0,1699437735
1,39.4748,6.44599,0,0,1699437735
1,41.747,4.59691,0,0,1699437735
1,46.1462,8.08902,0,0,1699437735
1,45.7321,9.30353,0,0,1699437735
1,41.3623,6.54397,0,0,1699437735
1,37.5594,6.19033,0,0,1699437735
1,34.8353,11.746,0,0,1699437735
1,35.4762,8.06756,0,0,1699437735
1,39.2811,13.1673,0,0,1699437735
1,42.8276,7.5507,0,0,1699437735
1,43.7698,6.19397,0,0,1699437735
1,41.2205,6.77516,0,0,1699437735
1,39.6481,8.12311,0,0,1699437735
1,40.274,8.73699,0,0,1699437735
1,38.0843,6.53147,0,0,1699437735
1,35.9963,3.86687,0,0,1699437735
1,37.3861,3.63736,0,0,1699437735
1,37.1784,4.99907,0,0,1699437735
1,36.6388,7.28656,0,0,1699437735
1,38.4954,10.2683,0,0,1699437735
1,37.4368,10.922,0,0,1699437735
1,36.9503,7.68637,0,0,1699437735
1,44.2325,6.62977,0,0,1699437735
1,49.1245,11.5266,0,0,1699437735
1,42.1738,14.3181,0,0,1699437735
1,33.9054,11.3234,0,0,1699437735
1,33.4061,7.9275,0,0,1699437735
1,36.2392,5.32959,0,0,1699437735
1,38.7495,3.24153,0,0,1699437735
1,41.6489,2.73254,0,0,1699437735
1,43.7032,3.27927,0,0,1699437735
1,43.2619,3.64654,0,0,1699437735
1,40.8488,5.29782,0,0,1699437735
1,37.2749,9.29578,0,0,1699437735
1,34.7641,10.7768,0,0,1699437735
1,35.6497,9.5991,0,0,1699437735
1,36.872,10.9042,0,0,1699437735
1,34.9748,12.8879,0,0,1699437735
1,33.1573,11.3165,0,0,1699437735
1,36.541,7.50121,0,0,1699437735
1,42.6354,6.14173,0,0,1699437735
1,43.892,7.28759,0,0,1699437735
1,42.1396,8.69163,0,0,1699437735
1,42.9239,10.6986,0,0,1699437735
1,42.4091,10.6855,0,0,1699437735
1,39.6395,9.42305,0,0,1699437735
1,37.7822,9.60572,0,0,1699437735
1,34.6709,8.10436,0,0,1699437735
1,33.038,5.3585,0,0,1699437735
1,36.8905,4.13889,0,0,1699437735
1,40.8901,4.80999,0,0,1699437735
1,40.2727,8.22833,0,0,1699437735
1,38.6491,12.0624,0,0,1699437735
1,39.7492,13.0306,0,0,1699437735
1,39.4942,12.9839,0,0,1699437735
1,36.1045,8.06756,0,0,1699437735
1,35.6485,8.06756,0,0,1699437735
1,36.3196,8.06756,0,0,1699437735
1,32.6351,11.4722,0,0,1699437735
1,29.8876,5.35238,0,0,1699437735
1,31.5269,5.55261,0,0,1699437735
1,35.2863,9.91936,0,0,1699437735
1,38.8936,12.2803,0,0,1699437735
1,37.4131,12.7577,0,0,1699437735
1,35.6805,12.1595,0,0,1699437735
1,39.8815,8.09815,0,0,1699437735
1,43.6798,5.52479,0,0,1699437735
1,45.14,9.18404,0,0,1699437735
1,43.7457,12.5715,0,0,1699437735
1,37.5116,11.9393,0,0,1699437735
1,31.4707,11.0129,0,0,1699437735
1,30.4203,10.6803,0,0,1699437735
1,35.6475,9.95418,0,0,1699437735
1,40.3292,9.11823,0,0,1699437735
1,37.6478,8.50264,0,0,1699437735
1,36.1496,7.61126,0,0,1699437735
1,43.8895,7.214,0,0,1699437735
1,39.5243,8.17522,0,0,1699437735
1,50.8874,7.30715,0,0,1699437735
1,44.6698,5.32092,0,0,1699437735
1,40.9929,6.02755,0,0,1699437735
1,40.4144,7.34013,0,0,1699437735
1,41.1222,7.31436,0,0,1699437735
1,41.0178,6.81249,0,0,1699437735
1,41.7193,5.9654,0,0,1699437735
1,45.8032,5.98494,0,0,1699437735
1,47.6653,8.02472,0,0,1699437735
1,42.8685,9.35715,0,0,1699437735
1,36.3574,9.58011,0,0,1699437735
1,33.5153,12.983,0,0,1699437735
1,33.4807,8.06756,0,0,1699437735
1,33.1495,11.3798,0,0,1699437735
1,30.7642,5.79513,0,0,1699437735
1,39.5243,5.32147,0,0,1699437735
1,39.5243,7.18654,0,0,1699437735
1,36.655,7.09643,0,0,1699437735
1,46.2754,6.96026,0,0,1699437735
1,45.4428,10.4145,0,0,1699437735
1,38.1634,12.2557,0,0,1699437735
1,33.8523,7.9067,0,0,1699437735
1,33.7624,3.51633,0,0,1699437735
1,34.6204,4.54862,0,0,1699437735
1,33.5118,8.48141,0,0,1699437735
1,31.9481,10.6909,0,0,1699437735
1,32.9842,11.7515,0,0,1699437735
1,35.6592,14.5634,0,0,1699437735
1,40.988,8.06756,0,0,1699437735
1,47.4564,14.1014,0,0,1699437735
1,48.7139,11.272,0,0,1699437735
1,44.9932,9.64273,0,0,1699437735
1,39.5631,8.63833,0,0,1699437735
1,34.1558,8.90798,0,0,1699437735
1,33.1805,8.86114,0,0,1699437735
1,34.8009,8.60416,0,0,1699437735
1,34.5079,10.2339,0,0,1699437735
1,37.5223,9.08622,0,0,1699437735
1,42.7521,4.76111,0,0,1699437735
1,41.6241,3.11516,0,0,1699437735
1,38.113,3.49244,0,0,1699437735
1,39.1605,6.862,0,0,1699437735
1,42.1391,13.7187,0,0,1699437735
1,42.8501,8.06756,0,0,1699437735
1,40.7784,10.3819,0,0,1699437735
1,37.3294,10.0286,0,0,1699437735
1,35.0715,12.7213,0,0,1699437735
1,35.1332,12.2729,0,0,1699437735
1,35.8927,13.2912,0,0,1699437735
1,37.7145,8.06756,0,0,1699437735
1,39.1427,12.3853,0,0,1699437735
1,37.2735,7.50268,0,0,1699437735
1,36.3372,3.83896,0,0,1699437735
1,38.9167,4.91868,0,0,1699437735
1,40.5961,10.8096,0,0,1699437735
1,38.292,8.06756,0,0,1699437735
1,34.3932,8.06756,0,0,1699437735
1,34.7416,8.06756,0,0,1699437735
1,39.5253,14.4596,0,0,1699437735
1,42.4648,12.2351,0,0,1699437735
1,39.5469,8.68663,0,0,1699437735
1,33.7755,5.76011,0,0,1699437735
1,31.1997,3.24554,0,0,1699437735
1,32.7661,3.05249,0,0,1699437735
1,36.1799,7.21039,0,0,1699437735
1,38.5036,11.2335,0,0,1699437735
1,37.0214,10.7344,0,0,1699437735
1,34.562,7.40206,0,0,1699437735
1,35.0709,5.2258,0,0,1699437735
1,37.8448,6.64376,0,0,1699437735
1,40.8494,9.83814,0,0,1699437735
1,42.3354,12.5245,0,0,1699437735
1,41.6555,8.06756,0,0,1699437735
1,40.08,8.06756,0,0,1699437735
1,38.6713,8.06756,0,0,1699437735
1,36.4636,12.5948,0,0,1699437735
1,34.2207,6.49516,0,0,1699437735
1,36.9177,4.38416,0,0,1699437735
1,42.7113,6.30473,0,0,1699437735
1,43.4207,9.02754,0,0,1699437735
1,40.3831,10.8206,0,0,1699437735
1,37.6989,11.3091,0,0,1699437735
1,33.7635,10.5464,0,0,1699437735
1,30.1896,11.7628,0,0,1699437735
1,30.5814,13.6489,0,0,1699437735
1,34.7134,10.8571,0,0,1699437735
1,39.0427,7.12472,0,0,1699437735
1,40.7548,6.14871,0,0,1699437735
1,39.6224,6.46517,0,0,1699437735
1,34.7954,8.68767,0,0,1699437735
1,29.6042,11.086,0,0,1699437735
1,29.8773,10.9233,0,0,1699437735
1,33.0054,11.0859,0,0,1699437735
1,34.5717,12.8268,0,0,1699437735
1,36.1443,11.5915,0,0,1699437735
1,39.4483,9.33369,0,0,1699437735
1,43.0011,11.4807,0,0,1699437735
1,44.8675,13.9426,0,0,1699437735
1,45.7669,11.171,0,0,1699437735
1,46.7064,6.03687,0,0,1699437735
1,47.431,4.66126,0,0,1699437735
1,46.2877,6.41285,0,0,1699437735
1,41.6023,7.67073,0,0,1699437735
1,38.5284,8.63352,0,0,1699437735
1,40.4606,8.17391,0,0,1699437735
1,40.238,6.24178,0,0,1699437735
1,36.5488,5.7899,0,0,1699437735
1,37.9689,6.87369,0,0,1699437735
1,45.3324,7.93506,0,0,1699437735
1,49.5303,8.42216,0,0,1699437735
1,46.105,9.92897,0,0,1699437735
1,40.8327,12.5562,0,0,1699437735
1,37.739,11.5172,0,0,1699437735
1,36.9511,7.53271,0,0,1699437735
1,39.7561,5.24312,0,0,1699437735
1,42.1637,3.61042,0,0,1699437735
1,42.1611,3.20264,0,0,1699437735
1,44.7698,4.99763,0,0,1699437735
1,47.3158,6.82965,0,0,1699437735
1,43.3888,10.215,0,0,1699437735
1,37.2549,13.555,0,0,1699437735
1,37.5948,12.3072,0,0,1699437735
1,42.5748,8.53517,0,0,1699437735
1,43.6756,6.35518,0,0,1699437735
1,39.2812,6.20914,0,0,1699437735
1,32.6571,5.8167,0,0,1699437735
1,28.676,4.79562,0,0,1699437735
1,31.852,5.23925,0,0,1699437735
1,39.1066,6.6797,0,0,1699437735
1,42.873,7.34472,0,0,1699437735
1,40.5522,8.94987,0,0,1699437735
1,36.6473,12.8281,0,0,1699437735
1,35.0726,13.9068,0,0,1699437735
1,34.5576,9.57531,0,0,1699437735
1,33.3233,4.94526,0,0,1699437735
1,31.0333,4.96246,0,0,1699437735
1,30.7955,9.80911,0,0,1699437735
1,37.2575,12.6778,0,0,1699437735
1,46.2002,10.2947,0,0,1699437735
1,47.2726,8.8783,0,0,1699437735
1,41.8083,10.2136,0,0,1699437735
1,40.0128,12.5166,0,0,1699437735
1,41.1772,14.8594,0,0,1699437735
1,39.9518,13.2812,0,0,1699437735
1,38.4212,8.58495,0,0,1699437735
1,38.2052,6.43392,0,0,1699437735
1,39.0342,7.08991,0,0,1699437735
1,42.1497,7.16947,0,0,1699437735
1,45.6567,7.44605,0,0,1699437735
1,45.0147,11.4855,0,0,1699437735
1,40.6883,8.06756,0,0,1699437735
1,36.1508,8.06756,0,0,1699437735
1,32.4468,12.5193,0,0,1699437735
1,30.9653,10.9628,0,0,1699437735
1,32.1883,10.7669,0,0,1699437735
1,34.9028,9.85843,0,0,1699437735
1,38.1605,9.77736,0,0,1699437735
1,39.8646,8.53233,0,0,1699437735
1,41.4569,6.87453,0,0,1699437735
1,42.2934,8.40665,0,0,1699437735
1,38.5243,8.46295,0,0,1699437735
1,35.7917,5.2304,0,0,1699437735
1,38.9379,4.81828,0,0,1699437735
1,43.0979,7.0935,0,0,1699437735
1,43.2038,7.6379,0,0,1699437735
1,39.3068,6.87762,0,0,1699437735
1,35.6081,6.60748,0,0,1699437735
1,34.9842,6.75214,0,0,1699437735
1,37.5427,7.0749,0,0,1699437735
1,39.9713,6.63773,0,0,1699437735
1,38.1267,6.84511,0,0,1699437735
1,34.6171,9.68368,0,0,1699437735
1,33.2361,10.5997,0,0,1699437735
1,31.7344,6.93682,0,0,1699437735
1,28.6144,6.43853,0,0,1699437735
1,29.6179,10.6877,0,0,1699437735
1,34.263,11.3551,0,0,1699437735
1,35.6065,9.86857,0,0,1699437735
1,36.954,9.97643,0,0,1699437735
1,40.8553,7.46789,0,0,1699437735
1,41.1117,4.34474,0,0,1699437735
1,36.3173,4.65394,0,0,1699437735
1,32.2956,6.28547,0,0,1699437735
1,33.646,8.58622,0,0,1699437735
1,36.5104,11.7501,0,0,1699437735
1,37.7209,13.0284,0,0,1699437735
1,39.1098,11.9011,0,0,1699437735
1,39.4062,11.2835,0,0,1699437735
1,41.0665,10.6215,0,0,1699437735
1,44.3048,10.5253,0,0,1699437735
1,41.6032,13.9811,0,0,1699437735
1,36.8954,8.06756,0,0,1699437735
1,37.4395,10.9779,0,0,1699437735
1,38.7851,6.57299,0,0,1699437735
1,39.1862,6.30332,0,0,1699437735
1,40.3858,8.68025,0,0,1699437735
1,40.4661,11.2709,0,0,1699437735
1,41.1808,14.5193,0,0,1699437735
1,44.9803,8.06756,0,0,1699437735
1,46.9456,12.6016,0,0,1699437735
1,44.5818,5.57526,0,0,1699437735
1,41.1239,2.86887,0,0,1699437735
1,37.1962,2.16059,0,0,1699437735
1,35.7147,1.34212,0,0,1699437735
1,39.438,2.47542,0,0,1699437735
1,42.075,4.95785,0,0,1699437735
1,40.716,5.4232,0,0,1699437735
1,41.2728,3.92281,0,0,1699437735
1,43.3385,3.68614,0,0,1699437735
1,40.3467,4.55221,0,0,1699437735
1,35.9552,4.66252,0,0,1699437735
1,37.6683,4.5998,0,0,1699437735
1,41.1651,4.98957,0,0,1699437735
1,41.2447,5.8134,0,0,1699437735
1,40.1706,9.19602,0,0,1699437735
1,38.8534,14.7487,0,0,1699437735
1,36.5722,8.06756,0,0,1699437735
1,35.3645,10.0394,0,0,1699437735
1,38.8105,4.42497,0,0,1699437735
1,43.8175,2.78668,0,0,1699437735
1,43.2927,4.78004,0,0,1699437735
1,39.4751,9.80756,0,0,1699437735
1,38.6049,13.5833,0,0,1699437735
1,39.8555,14.8816,0,0,1699437735
1,39.7244,8.06756,0,0,1699437735
1,39.3852,8.06756,0,0,1699437735
1,39.6737,12.5566,0,0,1699437735
1,38.7276,6.48416,0,0,1699437735
1,38.6672,5.21994,0,0,1699437735
1,40.11,7.45421,0,0,1699437735
1,40.0224,10.9642,0,0,1699437735
1,37.3034,13.2534,0,0,1699437735
1,33.0601,11.2536,0,0,1699437735
1,32.6327,8.66353,0,0,1699437735
1,36.7253,7.8417,0,0,1699437735
1,38.0116,5.72806,0,0,1699437735
1,36.6771,5.21207,0,0,1699437735
1,37.7088,8.81548,0,0,1699437735
1,39.2066,11.5328,0,0,1699437735
1,38.3534,11.704,0,0,1699437735
1,34.4234,10.3078,0,0,1699437735
1,28.1059,7.52178,0,0,1699437735
1,39.5243,5.99881,0,0,1699437735
1,28.0603,6.10689,0,0,1699437735
1,35.959,6.16733,0,0,1699437735
1,39.3544,7.05368,0,0,1699437735
1,35.5669,8.19881,0,0,1699437735
1,35.159,7.05098,0,0,1699437735
1,42.2339,6.61203,0,0,1699437735
1,44.6887,8.98243,0,0,1699437735
1,40.2994,9.43697,0,0,1699437735
1,38.7999,7.72605,0,0,1699437735
1,38.8192,5.72806,0,0,1699437735
1,35.5215,4.33223,0,0,1699437735
1,31.0077,7.04254,0,0,1699437735
1,28.8159,11.3008,0,0,1699437735
1,30.9704,12.0106,0,0,1699437735
1,34.5583,10.8886,0,0,1699437735
1,36.6344,10.899,0,0,1699437735
1,39.0002,11.2629,0,0,1699437735
1,42.3382,10.1008,0,0,1699437735
1,43.7527,7.46388,0,0,1699437735
1,41.8413,5.03843,0,0,1699437735
1,38.8729,3.94183,0,0,1699437735
1,35.4886,4.21628,0,0,1699437735
1,34.1142,5.11548,0,0,1699437735
1,38.6935,5.2674,0,0,1699437735
1,42.8585,5.23424,0,0,1699437735
1,42.353,5.83836,0,0,1699437735
1,41.9689,5.81253,0,0,1699437735
1,41.0072,5.22615,0,0,1699437735
1,37.7425,4.77294,0,0,1699437735
1,34.7637,7.09237,0,0,1699437735
1,33.726,12.9628,0,0,1699437735
1,33.6435,14.3076,0,0,1699437735
1,33.0414,9.81908,0,0,1699437735
1,34.2904,7.73522,0,0,1699437735
1,38.5623,9.4937,0,0,1699437735
1,40.4053,10.7221,0,0,1699437735
1,34.9791,8.27638,0,0,1699437735
1,29.0616,5.62103,0,0,1699437735
1,31.8329,6.06906,0,0,1699437735
1,37.4599,6.25803,0,0,1699437735
1,38.8347,5.48862,0,0,1699437735
1,39.026,6.27088,0,0,1699437735
1,39.164,9.11132,0,0,1699437735
1,38.8363,11.6473,0,0,1699437735
1,41.9894,11.3578,0,0,1699437735
1,49.881,9.26908,0,0,1699437735
1,39.5243,7.12125,0,0,1699437735
1,49.7284,5.28765,0,0,1699437735
1,42.1755,3.84478,0,0,1699437735
1,37.3469,4.30225,0,0,1699437735
1,34.2058,7.49447,0,0,1699437735
1,33.6717,10.0011,0,0,1699437735
1,37.4253,8.83107,0,0,1699437735
1,42.0095,5.22318,0,0,1699437735
1,44.115,3.33218,0,0,1699437735
1,45.5838,4.91612,0,0,1699437735
1,45.5145,7.10713,0,0,1699437735
1,43.8272,8.39271,0,0,1699437735
1,43.1931,10.3705,0,0,1699437735
1,40.0156,13.4572,0,0,1699437735
1,34.0475,14.5236,0,0,1699437735
1,31.9106,12.649,0,0,1699437735
1,33.6346,10.3191,0,0,1699437735
1,33.6667,7.90898,0,0,1699437735
1,31.5015,6.84557,0,0,1699437735
1,31.0399,8.13959,0,0,1699437735
1,34.5027,9.05285,0,0,1699437735
1,40.2805,7.86273,0,0,1699437735
1,44.0799,6.69594,0,0,1699437735
1,43.9225,7.53357,0,0,1699437735
1,41.8063,8.20119,0,0,1699437735
1,40.8014,8.12266,0,0,1699437735
1,40.9009,8.65541,0,0,1699437735
1,39.3656,9.56451,0,0,1699437735
1,37.3036,12.0682,0,0,1699437735
1,38.3638,8.06756,0,0,1699437735
1,41.7566,14.4661,0,0,1699437735
1,43.2669,11.5837,0,0,1699437735
1,41.1518,14.2058,0,0,1699437735
1,34.8618,8.06756,0,0,1699437735
1,39.5243,8.06756,0,0,1699437735
1,39.5243,11.2392,0,0,1699437735
1,28.6438,11.3671,0,0,1699437735
1,33.4592,13.4418,0,0,1699437735
1,35.0444,11.1302,0,0,1699437735
1,41.9923,6.86849,0,0,1699437735
1,49.6317,4.86469,0,0,1699437735
1,48.2283,4.86459,0,0,1699437735
1,42.7002,5.10717,0,0,1699437735
1,38.7423,4.35824,0,0,1699437735
1,35.7974,3.79295,0,0,1699437735
1,34.886,6.96408,0,0,1699437735
1,35.5508,11.6139,0,0,1699437735
1,38.2537,12.0738,0,0,1699437735
1,44.0678,9.92069,0,0,1699437735
1,47.7093,10.6456,0,0,1699437735
1,45.5836,13.2075,0,0,1699437735
1,40.8823,14.2663,0,0,1699437735
1,37.9487,13.7564,0,0,1699437735
1,38.8549,11.0581,0,0,1699437735
1,40.6453,7.21341,0,0,1699437735
1,40.7279,4.95387,0,0,1699437735
1,38.9945,4.51346,0,0,1699437735
1,35.6058,4.92322,0,0,1699437735
1,37.1351,5.55798,0,0,1699437735
1,45.3455,6.06914,0,0,1699437735
1,49.2766,6.17915,0,0,1699437735
1,46.0981,5.67333,0,0,1699437735
1,42.6933,5.5611,0,0,1699437735
1,41.7835,7.63398,0,0,1699437735
1,41.8271,9.88969,0,0,1699437735
1,39.8853,8.47373,0,0,1699437735
1,36.4395,5.64337,0,0,1699437735
1,35.0739,6.82475,0,0,1699437735
1,37.9834,9.95445,0,0,1699437735
1,42.9649,8.75659,0,0,1699437735
1,43.1453,6.57368,0,0,1699437735
1,39.7418,8.44238,0,0,1699437735
1,42.1697,9.7005,0,0,1699437735
1,47.7728,8.37014,0,0,1699437735
1,48.1856,9.45378,0,0,1699437735
1,44.4834,11.8852,0,0,1699437735
1,42.7498,9.57302,0,0,1699437735
1,45.5563,5.98321,0,0,1699437735
1,46.405,6.55032,0,0,1699437735
1,44.0375,6.66222,0,0,1699437735
1,43.9959,4.80191,0,0,1699437735
1,42.786,5.16585,0,0,1699437735
1,37.701,8.17069,0,0,1699437735
1,32.4352,12.9463,0,0,1699437735
1,29.6797,8.06756,0,0,1699437735
1,31.8844,12.1177,0,0,1699437735
1,37.9235,6.83767,0,0,1699437735
1,40.1002,3.65428,0,0,1699437735
1,37.6114,2.29981,0,0,1699437735
1,38.6945,3.04917,0,0,1699437735
1,41.8761,4.06809,0,0,1699437735
1,41.1105,4.95569,0,0,1699437735
1,40.7956,6.02202,0,0,1699437735
1,44.0506,5.50922,0,0,1699437735
1,44.8802,4.97325,0,0,1699437735
1,42.222,5.69112,0,0,1699437735
1,38.9393,6.4775,0,0,1699437735
1,35.7838,7.46249,0,0,1699437735
1,38.2448,7.7615,0,0,1699437735
1,45.5435,6.20505,0,0,1699437735
1,45.9395,4.3756,0,0,1699437735
1,37.8959,4.98362,0,0,1699437735
1,32.4896,7.33795,0,0,1699437735
1,33.9687,7.7315,0,0,1699437735
1,36.2123,5.96468,0,0,1699437735
1,37.182,3.99486,0,0,1699437735
1,37.9199,3.63497,0,0,1699437735
1,38.3743,5.17076,0,0,1699437735
1,42.0184,6.54958,0,0,1699437735
1,47.0864,8.60552,0,0,1699437735
1,47.9341,9.73954,0,0,1699437735
1,44.7198,8.19931,0,0,1699437735
1,41.3976,9.18312,0,0,1699437735
1,40.7486,12.4074,0,0,1699437735
1,38.8905,12.8551,0,0,1699437735
1,32.4017,11.3096,0,0,1699437735
1,39.5243,10.6743,0,0,1699437735
1,32.2136,10.9786,0,0,1699437735
1,45.1754,9.66426,0,0,1699437735
1,50.7149,6.67094,0,0,1699437735
1,47.967,4.49743,0,0,1699437735
1,46.0879,4.68442,0,0,1699437735
1,44.8509,6.32821,0,0,1699437735
1,42.6068,5.80815,0,0,1699437735
1,40.3601,2.9529,0,0,1699437735
1,37.5802,1.3423,0,0,1699437735
1,34.8124,2.84238,0,0,1699437735
1,37.2941,6.84072,0,0,1699437735
1,43.9379,10.6436,0,0,1699437735
1,46.1799,12.2902,0,0,1699437735
1,44.2825,11.9136,0,0,1699437735
1,42.5847,9.7367,0,0,1699437735
1,42.6532,6.68065,0,0,1699437735
1,44.6792,5.29066,0,0,1699437735
1,45.8125,6.2941,0,0,1699437735
1,44.492,6.58522,0,0,1699437735
1,40.8164,4.81384,0,0,1699437735
1,36.4334,3.34925,0,0,1699437735
1,34.823,2.89788,0,0,1699437735
1,37.3881,2.36765,0,0,1699437735
1,41.1074,2.33828,0,0,1699437735
1,40.9923,4.51391,0,0,1699437735
1,39.0952,8.1934,0,0,1699437735
1,40.3765,9.63593,0,0,1699437735
1,42.2964,7.52254,0,0,1699437735
1,41.1662,4.41886,0,0,1699437735
1,39.1162,2.78136,0,0,1699437735
1,39.2456,4.43905,0,0,1699437735
1,41.2662,7.84183,0,0,1699437735
1,43.4698,9.26268,0,0,1699437735
1,43.7188,8.22842,0,0,1699437735
1,38.9202,8.04193,0,0,1699437735
1,32.6241,11.2174,0,0,1699437735
1,33.9112,12.2411,0,0,1699437735
1,39.1912,9.21281,0,0,1699437735
1,40.0534,9.68481,0,0,1699437735
1,40.4018,11.4915,0,0,1699437735
1,42.4301,8.29212,0,0,1699437735
1,43.4716,4.18724,0,0,1699437735
1,43.7486,2.95389,0,0,1699437735
1,41.8011,3.29383,0,0,1699437735
1,37.7151,4.22747,0,0,1699437735
1,33.7742,4.93051,0,0,1699437735
1,32.044,6.48802,0,0,1699437735
1,34.0324,10.0153,0,0,1699437735
1,36.7796,12.3459,0,0,1699437735
1,39.7285,11.6421,0,0,1699437735
1,46.6092,10.062,0,0,1699437735
1,39.5243,9.31515,0,0,1699437735
1,39.5243,8.76647,0,0,1699437735
1,48.0205,8.92191,0,0,1699437735
1,45.4003,11.8039,0,0,1699437735
1,41.8468,14.2043,0,0,1699437735
1,41.9263,12.5763,0,0,1699437735
1,46.4695,9.76584,0,0,1699437735
1,44.4205,7.47698,0,0,1699437735
1,37.1379,5.13591,0,0,1699437735
1,36.0915,4.27897,0,0,1699437735
1,39.5441,5.62667,0,0,1699437735
1,43.1351,6.81249,0,0,1699437735
1,46.0269,5.36756,0,0,1699437735
1,44.6206,2.78091,0,0,1699437735
1,40.2398,3.6869,0,0,1699437735
1,36.4352,7.56824,0,0,1699437735
1,34.7386,8.45676,0,0,1699437735
1,35.8454,6.69362,0,0,1699437735
1,37.2523,6.82677,0,0,1699437735
1,38.6965,8.98046,0,0,1699437735
1,41.8103,10.4194,0,0,1699437735
1,45.298,8.37082,0,0,1699437735
1,46.1516,6.28182,0,0,1699437735
1,42.3122,8.45636,0,0,1699437735
1,36.8343,10.4924,0,0,1699437735
1,36.0079,11.692,0,0,1699437735
1,40.6464,13.7155,0,0,1699437735
1,44.3949,11.2867,0,0,1699437735
1,43.4927,6.50749,0,0,1699437735
1,41.5842,6.87404,0,0,1699437735
1,42.9082,9.5106,0,0,1699437735
1,47.0614,9.39177,0,0,1699437735
1,49.5427,7.23285,0,0,1699437735
1,46.2926,4.27952,0,0,1699437735
1,39.8558,2.05264,0,0,1699437735
1,35.9671,2.05966,0,0,1699437735
1,34.8599,2.86862,0,0,1699437735
1,35.2638,2.83407,0,0,1699437735
1,36.8488,3.54308,0,0,1699437735
1,38.1352,6.73033,0,0,1699437735
1,41.4226,9.49525,0,0,1699437735
1,47.9673,9.58468,0,0,1699437735
1,39.5243,9.39223,0,0,1699437735
1,48.3674,8.95386,0,0,1699437735
1,41.8406,6.85607,0,0,1699437735
1,38.4679,5.32344,0,0,1699437735
1,37.5311,5.51862,0,0,1699437735
1,35.3413,5.09316,0,0,1699437735
1,33.5177,4.28199,0,0,1699437735
1,35.2438,5.76435,0,0,1699437735
1,39.0197,9.73062,0,0,1699437735
1,40.4073,12.7226,0,0,1699437735
1,39.2333,11.5399,0,0,1699437735
1,38.3878,10.4071,0,0,1699437735
1,37.3275,12.3993,0,0,1699437735
1,37.4867,11.5489,0,0,1699437735
1,42.4476,7.61299,0,0,1699437735
1,48.0855,6.47147,0,0,1699437735
1,47.7767,7.8098,0,0,1699437735
1,44.6738,8.35922,0,0,1699437735
1,45.756,6.96054,0,0,1699437735
1,46.7932,4.77223,0,0,1699437735
1,43.5158,3.64836,0,0,1699437735
1,43.4556,3.40894,0,0,1699437735
1,45.089,4.04996,0,0,1699437735
1,40.0867,5.67896,0,0,1699437735
1,34.503,6.32352,0,0,1699437735
1,33.3637,5.10762,0,0,1699437735
1,33.3796,4.49081,0,0,1699437735
1,35.6575,6.50768,0,0,1699437735
1,40.4654,8.05762,0,0,1699437735
1,43.616,6.16304,0,0,1699437735
1,43.9615,3.82447,0,0,1699437735
1,42.7674,3.68566,0,0,1699437735
1,40.2943,3.91777,0,0,1699437735
1,38.55,4.89107,0,0,1699437735
1,41.5841,8.14298,0,0,1699437735
1,47.7649,8.9733,0,0,1699437735
1,50.1685,5.72666,0,0,1699437735
1,48.3815,3.98523,0,0,1699437735
1,46.0205,5.4718,0,0,1699437735
1,44.1265,9.05307,0,0,1699437735
1,43.9361,12.3485,0,0,1699437735
1,44.6239,12.4464,0,0,1699437735
1,43.9195,10.462,0,0,1699437735
1,42.2532,8.85106,0,0,1699437735
1,41.3764,8.29217,0,0,1699437735
1,41.6878,7.11553,0,0,1699437735
1,42.2705,4.87598,0,0,1699437735
1,43.1163,3.19255,0,0,1699437735
1,44.2043,2.51875,0,0,1699437735
1,45.8295,3.07062,0,0,1699437735
1,48.2896,4.44281,0,0,1699437735
1,49.0443,6.24636,0,0,1699437735
1,47.7952,10.1894,0,0,1699437735
1,46.5649,8.06756,0,0,1699437735
1,43.9061,14.8181,0,0,1699437735
1,41.2441,8.49912,0,0,1699437735
1,41.4756,3.84235,0,0,1699437735
1,41.6084,4.56008,0,0,1699437735
1,40.8563,8.30401,0,0,1699437735
1,42.4031,9.3645,0,0,1699437735
1,46.8495,5.66524,0,0,1699437735
1,50.5418,3.53924,0,0,1699437735
1,48.7095,5.40194,0,0,1699437735
1,43.4355,7.24368,0,0,1699437735
1,40.7105,9.65247,0,0,1699437735
1,41.5587,12.8037,0,0,1699437735
1,42.732,12.2464,0,0,1699437735
1,43.1594,9.79769,0,0,1699437735
1,44.6819,9.85031,0,0,1699437735
1,44.6528,9.35054,0,0,1699437735
1,42.4172,6.95189,0,0,1699437735
1,42.8456,7.61379,0,0,1699437735
1,43.351,10.1222,0,0,1699437735
1,42.1504,7.85001,0,0,1699437735
1,43.7747,4.87805,0,0,1699437735
1,47.0596,7.48629,0,0,1699437735
1,47.3744,10.262,0,0,1699437735
1,43.0614,9.16419,0,0,1699437735
1,38.4282,7.12141,0,0,1699437735
1,38.012,6.45501,0,0,1699437735
1,39.2771,6.32784,0,0,1699437735
1,41.4071,5.07176,0,0,1699437735
1,44.0034,3.72479,0,0,1699437735
1,42.961,3.26899,0,0,1699437735
1,40.1946,3.24621,0,0,1699437735
1,40.6543,3.18821,0,0,1699437735
1,43.758,2.82827,0,0,1699437735
1,46.9286,2.95295,0,0,1699437735
1,49.4884,4.08137,0,0,1699437735
1,49.4889,5.70341,0,0,1699437735
1,46.7027,6.36324,0,0,1699437735
1,44.4441,6.77018,0,0,1699437735
1,42.6864,9.0352,0,0,1699437735
1,40.8406,11.1664,0,0,1699437735
1,38.9485,10.7307,0,0,1699437735
1,36.9608,9.33402,0,0,1699437735
1,37.9719,9.51103,0,0,1699437735
1,42.5194,10.0941,0,0,1699437735
1,46.9446,7.8769,0,0,1699437735
1,48.4641,4.56564,0,0,1699437735
1,45.9518,4.90535,0,0,1699437735
1,41.9046,7.99296,0,0,1699437735
1,41.0519,10.3246,0,0,1699437735
1,43.226,10.9695,0,0,1699437735
1,44.3279,8.47753,0,0,1699437735
1,44.9023,4.03447,0,0,1699437735
1,48.3738,2.44698,0,0,1699437735
1,39.5243,4.92284,0,0,1699437735
1,50.8987,8.35208,0,0,1699437735
1,50.2775,9.03098,0,0,1699437735
1,49.8897,6.55556,0,0,1699437735
1,47.0376,4.91842,0,0,1699437735
1,45.7072,7.78663,0,0,1699437735
1,45.6634,11.2893,0,0,1699437735
1,45.6729,10.4076,0,0,1699437735
1,48.0185,9.00314,0,0,1699437735
1,48.7086,8.52683,0,0,1699437735
1,46.3609,6.51033,0,0,1699437735
1,45.3418,5.34537,0,0,1699437735
1,43.9606,5.46382,0,0,1699437735
1,42.6364,5.63406,0,0,1699437735
1,45.6413,7.53197,0,0,1699437735
1,48.9866,10.1055,0,0,1699437735
1,47.6719,9.47543,0,0,1699437735
1,43.7627,5.57292,0,0,1699437735
1,41.3865,3.40102,0,0,1699437735
1,43.043,4.88292,0,0,1699437735
1,47.5165,7.17827,0,0,1699437735
1,50.9744,8.83075,0,0,1699437735
1,51.2329,9.48417,0,0,1699437735
1,50.6952,9.62559,0,0,1699437735
1,51.0255,9.69078,0,0,1699437735
1,49.469,7.85416,0,0,1699437735
1,45.4503,5.75051,0,0,1699437735
1,40.3838,6.52886,0,0,1699437735
1,37.7963,7.59052,0,0,1699437735
1,41.1291,6.55873,0,0,1699437735
1,44.8426,5.43011,0,0,1699437735
1,45.3289,5.16414,0,0,1699437735
1,48.0108,5.65751,0,0,1699437735
1,51.2595,7.74787,0,0,1699437735
1,47.7577,8.77422,0,0,1699437735
1,41.4038,7.28501,0,0,1699437735
1,40.1765,7.3067,0,0,1699437735
1,41.404,8.29667,0,0,1699437735
1,42.4862,7.49845,0,0,1699437735
1,46.1289,8.00637,0,0,1699437735
1,49.0316,11.1443,0,0,1699437735
1,48.6454,12.3172,0,0,1699437735
1,47.1404,10.2734,0,0,1699437735
1,45.1165,8.63314,0,0,1699437735
1,45.6088,7.05487,0,0,1699437735
1,48.2677,5.76785,0,0,1699437735
1,47.6112,6.34619,0,0,1699437735
1,44.3791,5.75827,0,0,1699437735
1,42.7368,4.44895,0,0,1699437735
1,45.4449,5.0116,0,0,1699437735
1,49.7888,5.83101,0,0,1699437735
1,50.6501,5.82385,0,0,1699437735
1,39.5243,4.96981,0,0,1699437735
1,39.5243,4.60548,0,0,1699437735
1,47.6567,7.95993,0,0,1699437735
1,46.4252,12.0449,0,0,1699437735
1,49.6677,10.4451,0,0,1699437735
1,46.6502,6.55504,0,0,1699437735
1,41.7633,5.68997,0,0,1699437735
1,45.178,5.11979,0,0,1699437735
1,49.3636,5.9289,0,0,1699437735
1,49.7978,10.527,0,0,1699437735
1,39.5243,12.4534,0,0,1699437735
1,39.5243,9.00666,0,0,1699437735
1,50.5404,5.71554,0,0,1699437735
1,44.1992,5.3088,0,0,1699437735
1,44.9241,6.64152,0,0,1699437735
1,48.5155,7.90929,0,0,1699437735
1,48.3511,8.63434,0,0,1699437735
1,46.4736,9.80155,0,0,1699437735
1,45.4481,9.68314,0,0,1699437735
1,46.1252,6.88332,0,0,1699437735
1,48.3772,4.12739,0,0,1699437735
1,47.2436,2.86612,0,0,1699437735
1,43.9347,2.92083,0,0,1699437735
1,43.1337,4.50563,0,0,1699437735
1,43.2119,5.29767,0,0,1699437735
1,45.2227,3.86783,0,0,1699437735
1,49.2113,3.47835,0,0,1699437735
1,51.2646,6.59331,0,0,1699437735
1,39.5243,9.35666,0,0,1699437735
1,39.5243,8.10492,0,0,1699437735
1,39.5243,6.51533,0,0,1699437735
1,39.5243,8.55918,0,0,1699437735
1,39.5243,11.8395,0,0,1699437735
1,50.1824,12.2064,0,0,1699437735
1,44.1131,10.7492,0,0,1699437735
1,38.9432,10.7057,0,0,1699437735
1,40.4344,10.0357,0,0,1699437735
1,48.8569,6.59312,0,0,1699437735
1,39.5243,3.61863,0,0,1699437735
1,39.5243,3.26679,0,0,1699437735
1,39.5243,4.38355,0,0,1699437735
1,39.5243,5.95284,0,0,1699437735
1,39.5243,6.49228,0,0,1699437735
1,47.3956,6.79799,0,0,1699437735
1,42.0639,8.82497,0,0,1699437735
1,43.0079,9.52802,0,0,1699437735
1,45.2962,7.07387,0,0,1699437735
1,44.8006,4.42907,0,0,1699437735
1,44.2925,3.0672,0,0,1699437735
1,46.0949,2.36323,0,0,1699437735
1,47.2848,3.03954,0,0,1699437735
1,47.1789,5.29263,0,0,1699437735
1,48.0574,6.46538,0,0,1699437735
1,49.3089,6.74968,0,0,1699437735
1,50.8642,8.6998,0,0,1699437735
1,39.5243,10.4283,0,0,1699437735
1,50.6476,9.83563,0,0,1699437735
1,48.9139,9.00715,0,0,1699437735
1,39.5243,8.03057,0,0,1699437735
1,39.5243,5.25304,0,0,1699437735
1,39.5243,3.60381,0,0,1699437735
1,39.5243,4.16649,0,0,1699437735
1,49.9742,3.58759,0,0,1699437735
1,44.2848,3.26515,0,0,1699437735
1,40.2735,5.18195,0,0,1699437735
1,39.3759,5.97261,0,0,1699437735
1,40.6836,5.04696,0,0,1699437735
1,42.5302,4.66326,0,0,1699437735
1,43.6384,4.63859,0,0,1699437735
1,46.3708,4.57505,0,0,1699437735
1,50.7682,4.6167,0,0,1699437735
1,50.1086,6.2701,0,0,1699437735
1,44.5215,9.31158,0,0,1699437735
1,41.5035,10.2534,0,0,1699437735
1,42.1976,9.51722,0,0,1699437735
1,42.4675,8.46858,0,0,1699437735
1,41.3153,6.02572,0,0,1699437735
1,40.5936,3.99744,0,0,1699437735
1,39.8446,4.25188,0,0,1699437735
1,37.5522,4.88617,0,0,1699437735
1,36.454,4.82109,0,0,1699437735
1,39.9679,5.47075,0,0,1699437735
1,43.5611,7.02296,0,0,1699437735
1,41.7299,7.54216,0,0,1699437735
1,39.5706,6.2425,0,0,1699437735
1,41.6241,6.74389,0,0,1699437735
1,43.6657,10.1483,0,0,1699437735
1,44.8754,10.3232,0,0,1699437735
1,48.7578,6.58355,0,0,1699437735
1,39.5243,5.27618,0,0,1699437735
1,39.5243,6.44042,0,0,1699437735
1,50.2022,6.02451,0,0,1699437735
1,48.2159,4.59547,0,0,1699437735
1,47.0377,4.19222,0,0,1699437735
1,45.0064,4.14222,0,0,1699437735
1,41.472,3.14274,0,0,1699437735
1,40.4073,2.27522,0,0,1699437735
1,43.4469,4.10513,0,0,1699437735
1,47.7209,7.74326,0,0,1699437735
1,48.866,9.82009,0,0,1699437735
1,46.3259,8.89068,0,0,1699437735
1,44.9745,6.10372,0,0,1699437735
1,45.1548,4.41892,0,0,1699437735
1,44.7797,5.4096,0,0,1699437735
1,45.726,7.38251,0,0,1699437735
1,47.968,8.25042,0,0,1699437735
1,50.0849,7.44661,0,0,1699437735
1,50.6453,4.92643,0,0,1699437735
1,49.2335,2.14363,0,0,1699437735
1,47.666,8.06756,0,0,1699437735
1,46.4677,2.18638,0,0,1699437735
1,47.8618,6.6255,0,0,1699437735
1,49.7924,11.9424,0,0,1699437735
1,46.4788,11.1775,0,0,1699437735
1,42.0529,5.8149,0,0,1699437735
1,40.6824,3.94839,0,0,1699437735
1,41.993,6.56027,0,0,1699437735
1,45.7911,7.75969,0,0,1699437735
1,47.9937,5.16843,0,0,1699437735
1,47.7683,3.57702,0,0,1699437735
1,47.7574,6.40636,0,0,1699437735
1,46.5296,9.13754,0,0,1699437735
1,44.8328,7.23537,0,0,1699437735
1,45.1089,4.49872,0,0,1699437735
1,44.7135,5.23429,0,0,1699437735
1,42.1865,7.40266,0,0,1699437735
1,40.1998,7.96767,0,0,1699437735
1,40.6217,8.25208,0,0,1699437735
1,42.3478,10.1144,0,0,1699437735
1,41.9715,9.92043,0,0,1699437735
1,39.7677,6.90377,0,0,1699437735
1,40.0838,5.33945,0,0,1699437735
1,42.3362,4.8695,0,0,1699437735
1,42.5691,4.50025,0,0,1699437735
1,41.8772,4.98909,0,0,1699437735
1,42.3653,5.39906,0,0,1699437735
1,43.8929,4.91833,0,0,1699437735
1,47.3567,3.97787,0,0,1699437735
1,39.5243,3.51735,0,0,1699437735
1,39.5243,3.9585,0,0,1699437735
1,47.9298,6.95593,0,0,1699437735
1,42.7086,10.4384,0,0,1699437735
1,37.6183,9.93079,0,0,1699437735
1,34.8112,8.70811,0,0,1699437735
1,33.6888,8.3065,0,0,1699437735
1,33.0263,5.3042,0,0,1699437735
1,37.5145,4.14972,0,0,1699437735
1,44.559,8.31537,0,0,1699437735
1,46.7507,10.6989,0,0,1699437735
1,44.3821,8.36275,0,0,1699437735
1,39.6246,6.52141,0,0,1699437735
1,35.6438,5.89744,0,0,1699437735
1,33.4441,5.72551,0,0,1699437735
1,32.6344,8.09095,0,0,1699437735
1,36.6319,10.0513,0,0,1699437735
1,41.9221,8.61896,0,0,1699437735
1,40.6194,7.91811,0,0,1699437735
1,36.2565,8.51239,0,0,1699437735
1,37.1798,6.13231,0,0,1699437735
1,43.7708,4.74128,0,0,1699437735
1,51.0884,8.6477,0,0,1699437735
1,39.5243,10.572,0,0,1699437735
1,47.6302,7.07354,0,0,1699437735
1,41.1214,4.27246,0,0,1699437735
1,40.5239,4.09405,0,0,1699437735
1,42.8719,4.72772,0,0,1699437735
1,43.2624,5.86717,0,0,1699437735
1,39.889,7.92524,0,0,1699437735
1,37.0967,9.35804,0,0,1699437735
1,40.4929,7.55382,0,0,1699437735
1,44.9616,6.12724,0,0,1699437735
1,44.9845,8.19919,0,0,1699437735
1,42.4575,8.57047,0,0,1699437735
1,38.5482,6.09447,0,0,1699437735
1,36.2251,7.23693,0,0,1699437735
1,38.7384,11.7154,0,0,1699437735
1,41.6395,12.4977,0,0,1699437735
1,41.3457,9.79273,0,0,1699437735
1,41.8888,8.32965,0,0,1699437735
1,43.5951,7.30801,0,0,1699437735
1,42.895,5.71787,0,0,1699437735
1,42.8268,6.63722,0,0,1699437735
1,45.1057,9.81948,0,0,1699437735
1,45.4343,11.3452,0,0,1699437735
1,43.5199,11.0941,0,0,1699437735
1,40.7491,10.7909,0,0,1699437735
1,38.2354,9.14855,0,0,1699437735
1,38.1591,6.37784,0,0,1699437735
1,37.8812,5.99165,0,0,1699437735
1,35.2188,8.20178,0,0,1699437735
1,35.174,10.2444,0,0,1699437735
1,40.2909,10.6406,0,0,1699437735
1,43.703,7.99228,0,0,1699437735
1,41.6404,3.65801,0,0,1699437735
1,39.188,2.83887,0,0,1699437735
1,38.2415,6.49281,0,0,1699437735
1,38.0639,9.60099,0,0,1699437735
1,38.2931,9.28897,0,0,1699437735
1,39.7294,7.02193,0,0,1699437735
1,43.3755,4.82252,0,0,1699437735
1,43.1946,3.61661,0,0,1699437735
1,38.204,2.53399,0,0,1699437735
1,36.3891,2.38387,0,0,1699437735
1,39.1579,6.35272,0,0,1699437735
1,40.6874,11.2368,0,0,1699437735
1,38.0275,11.0062,0,0,1699437735
1,35.3714,8.24651,0,0,1699437735
1,36.486,7.66416,0,0,1699437735
1,40.0342,7.37954,0,0,1699437735
1,42.1496,5.47695,0,0,1699437735
1,40.6479,3.67729,0,0,1699437735
1,38.8631,3.32591,0,0,1699437735
1,38.3666,4.25661,0,0,1699437735
1,36.9531,5.67663,0,0,1699437735
1,35.8658,6.73863,0,0,1699437735
1,37.3969,6.26853,0,0,1699437735
1,40.8673,4.82285,0,0,1699437735
1,44.042,5.9055,0,0,1699437735
1,43.8535,8.51048,0,0,1699437735
1,41.8878,9.15564,0,0,1699437735
1,43.2424,10.5066,0,0,1699437735
1,44.999,12.3593,0,0,1699437735
1,43.0243,11.1178,0,0,1699437735
1,40.942,8.55449,0,0,1699437735
1,42.9123,6.53322,0,0,1699437735
1,46.0678,5.98715,0,0,1699437735
1,44.2865,7.03776,0,0,1699437735
1,41.5101,6.51974,0,0,1699437735
1,43.41,4.22508,0,0,1699437735
1,45.3169,2.761,0,0,1699437735
1,45.3354,2.85181,0,0,1699437735
1,45.025,4.64599,0,0,1699437735
1,43.1315,6.94076,0,0,1699437735
1,41.1426,9.48597,0,0,1699437735
1,40.0274,13.3127,0,0,1699437735
1,38.8452,13.8841,0,0,1699437735
1,39.0959,9.42712,0,0,1699437735
1,40.3792,5.67069,0,0,1699437735
1,41.9092,4.82882,0,0,1699437735
1,44.4152,6.04497,0,0,1699437735
1,44.379,6.98907,0,0,1699437735
1,40.6185,5.76552,0,0,1699437735
1,39.2424,4.65039,0,0,1699437735
1,42.424,4.7866,0,0,1699437735
1,43.9076,5.17178,0,0,1699437735
1,41.7107,4.36904,0,0,1699437735
1,40.6429,3.22708,0,0,1699437735
1,40.6129,5.30291,0,0,1699437735
1,41.3075,8.09086,0,0,1699437735
1,44.1132,7.26208,0,0,1699437735
1,44.2395,5.15991,0,0,1699437735
1,40.4149,5.08827,0,0,1699437735
1,38.7917,6.83437,0,0,1699437735
1,41.3768,7.68318,0,0,1699437735
1,42.3126,6.19068,0,0,1699437735
1,39.6419,4.15936,0,0,1699437735
1,39.9166,3.79884,0,0,1699437735
1,44.0619,4.52981,0,0,1699437735
1,46.9724,5.15226,0,0,1699437735
1,46.7162,5.86262,0,0,1699437735
1,45.218,6.32499,0,0,1699437735
1,45.7194,8.84573,0,0,1699437735
1,46.6038,13.3684,0,0,1699437735
1,46.2617,14.5639,0,0,1699437735
1,46.5105,12.1943,0,0,1699437735
1,44.3824,8.664,0,0,1699437735
1,39.7449,5.61077,0,0,1699437735
1,38.5223,5.40229,0,0,1699437735
1,40.8792,7.13572,0,0,1699437735
1,42.2518,8.56995,0,0,1699437735
1,40.4931,9.47027,0,0,1699437735
1,36.9074,9.68589,0,0,1699437735
1,34.0367,8.10657,0,0,1699437735
1,33.6959,5.55024,0,0,1699437735
1,36.0707,4.40486,0,0,1699437735
1,37.2666,4.53828,0,0,1699437735
1,37.0425,4.4525,0,0,1699437735
1,40.186,5.19273,0,0,1699437735
1,42.1272,6.95065,0,0,1699437735
1,37.7286,7.26189,0,0,1699437735
1,34.4685,6.42004,0,0,1699437735
1,37.4723,6.29969,0,0,1699437735
1,40.9315,6.34969,0,0,1699437735
1,39.6346,5.28732,0,0,1699437735
1,37.7799,4.10105,0,0,1699437735
1,41.0278,5.26961,0,0,1699437735
1,46.161,7.66265,0,0,1699437735
1,48.7001,8.32513,0,0,1699437735
1,48.9316,7.29992,0,0,1699437735
1,48.5123,5.36205,0,0,1699437735
1,47.6214,4.09293,0,0,1699437735
1,46.5024,5.16043,0,0,1699437735
1,46.3917,7.74547,0,0,1699437735
1,43.7914,9.28785,0,0,1699437735
1,36.9213,8.62472,0,0,1699437735
1,33.5266,8.67227,0,0,1699437735
1,37.5697,9.62199,0,0,1699437735
1,43.6559,9.40307,0,0,1699437735
1,46.8726,10.6204,0,0,1699437735
1,47.1637,13.4233,0,0,1699437735
1,43.3582,14.0401,0,0,1699437735
1,36.9369,12.385,0,0,1699437735
1,37.2523,11.5139,0,0,1699437735
1,45.9952,10.6319,0,0,1699437735
1,39.5243,7.46608,0,0,1699437735
1,49.1269,5.64824,0,0,1699437735
1,42.7404,7.61682,0,0,1699437735
1,39.2979,9.65809,0,0,1699437735
1,38.6665,8.56556,0,0,1699437735
1,42.6866,5.10059,0,0,1699437735
1,47.5571,2.59036,0,0,1699437735
1,46.3165,3.57933,0,0,1699437735
1,42.9271,7.56717,0,0,1699437735
1,40.0559,11.5514,0,0,1699437735
1,37.6082,12.1218,0,0,1699437735
1,39.3805,8.4314,0,0,1699437735
1,42.133,4.28764,0,0,1699437735
1,41.8398,3.06746,0,0,1699437735
1,41.9326,4.31196,0,0,1699437735
1,42.4739,6.473,0,0,1699437735
1,41.4894,8.22522,0,0,1699437735
1,41.4227,8.64572,0,0,1699437735
1,44.1775,6.48118,0,0,1699437735
1,47.2277,3.28695,0,0,1699437735
1,47.0974,3.86621,0,0,1699437735
1,44.5718,6.90271,0,0,1699437735
1,42.9982,6.92931,0,0,1699437735
1,43.1448,4.84271,0,0,1699437735
1,45.2677,4.01251,0,0,1699437735
1,47.7859,3.62486,0,0,1699437735
1,45.3,3.13368,0,0,1699437735
1,39.212,3.60983,0,0,1699437735
1,36.9928,4.08164,0,0,1699437735
1,40.554,4.12703,0,0,1699437735
1,45.8384,5.04347,0,0,1699437735
1,45.607,6.67934,0,0,1699437735
1,40.7649,6.97542,0,0,1699437735
1,42.7868,5.64484,0,0,1699437735
1,50.2837,5.32402,0,0,1699437735
1,49.752,6.72827,0,0,1699437735
1,42.153,7.55322,0,0,1699437735
1,38.2248,7.56657,0,0,1699437735
1,37.6758,7.84573,0,0,1699437735
1,36.6172,7.08466,0,0,1699437735
1,37.3953,6.23885,0,0,1699437735
1,40.0631,7.44864,0,0,1699437735
1,42.0745,7.97602,0,0,1699437735
1,42.0609,6.59709,0,0,1699437735
1,41.3117,5.1928,0,0,1699437735
1,44.3926,3.54801,0,0,1699437735
1,49.5536,2.71103,0,0,1699437735
1,50.5295,3.95273,0,0,1699437735
1,48.6136,5.06441,0,0,1699437735
1,47.2154,4.36126,0,0,1699437735
1,43.8261,3.96766,0,0,1699437735
1,38.7534,6.0631,0,0,1699437735
1,37.6221,7.87273,0,0,1699437735
1,41.0433,7.13083,0,0,1699437735
1,45.7311,5.93026,0,0,1699437735
1,49.1286,4.14841,0,0,1699437735
1,48.9991,2.64201,0,0,1699437735
1,45.6661,4.45538,0,0,1699437735
1,41.9967,6.29824,0,0,1699437735
1,40.5857,4.50372,0,0,1699437735
1,40.7506,1.99612,0,0,1699437735
1,40.86,2.5968,0,0,1699437735
1,41.4333,5.68827,0,0,1699437735
1,42.2774,7.61891,0,0,1699437735
1,43.9234,7.45054,0,0,1699437735
1,45.3852,6.26064,0,0,1699437735
1,42.8565,5.49748,0,0,1699437735
1,40.3447,6.23365,0,0,1699437735
1,42.4387,6.64613,0,0,1699437735
1,45.0825,7.28081,0,0,1699437735
1,46.721,8.49623,0,0,1699437735
1,47.2902,7.48472,0,0,1699437735
1,45.6252,6.46155,0,0,1699437735
1,45.4305,8.68072,0,0,1699437735
1,47.6122,12.3292,0,0,1699437735
1,47.4487,13.0043,0,0,1699437735
1,44.8927,9.14987,0,0,1699437735
1,43.7843,5.33213,0,0,1699437735
1,45.3782,4.41107,0,0,1699437735
1,50.6025,4.4562,0,0,1699437735
1,39.5243,6.25694,0,0,1699437735
1,39.5243,9.39736,0,0,1699437735
1,48.699,8.32784,0,0,1699437735
1,42.931,3.91189,0,0,1699437735
1,43.7144,2.69781,0,0,1699437735
1,47.8125,5.44627,0,0,1699437735
1,50.1385,7.89073,0,0,1699437735
1,50.7496,6.76135,0,0,1699437735
1,49.9814,4.57599,0,0,1699437735
1,46.6949,4.48633,0,0,1699437735
1,41.8089,3.87404,0,0,1699437735
1,38.8598,2.20505,0,0,1699437735
1,41.7876,3.39901,0,0,1699437735
1,46.7345,6.24881,0,0,1699437735
1,48.5069,6.38712,0,0,1699437735
1,49.8673,5.01586,0,0,1699437735
1,49.6294,5.29399,0,0,1699437735
1,46.2038,6.85115,0,0,1699437735
1,45.475,6.77483,0,0,1699437735
1,48.8873,4.18176,0,0,1699437735
1,39.5243,2.60839,0,0,1699437735
1,39.5243,4.59605,0,0,1699437735
1,39.5243,7.2104,0,0,1699437735
1,48.6983,6.50336,0,0,1699437735
1,47.1568,3.90588,0,0,1699437735
1,46.8205,3.46363,0,0,1699437735
1,46.5573,6.44109,0,0,1699437735
1,45.7514,11.5745,0,0,1699437735
1,42.8014,14.4212,0,0,1699437735
1,36.7776,11.8595,0,0,1699437735
1,34.7802,6.97837,0,0,1699437735
1,40.0229,3.18982,0,0,1699437735
1,46.0851,2.00973,0,0,1699437735
1,50.62,3.36844,0,0,1699437735
1,39.5243,3.88123,0,0,1699437735
1,39.5243,2.91932,0,0,1699437735
1,39.5243,2.73745,0,0,1699437735
1,39.5243,4.53055,0,0,1699437735
1,51.2151,7.99012,0,0,1699437735
1,49.9788,8.8575,0,0,1699437735
1,48.5835,7.47638,0,0,1699437735
1,44.2978,8.25252,0,0,1699437735
1,42.9948,7.97976,0,0,1699437735
1,46.923,5.47366,0,0,1699437735
1,50.3793,4.3997,0,0,1699437735
1,39.5243,3.64047,0,0,1699437735
1,39.5243,3.03268,0,0,1699437735
1,39.5243,4.54695,0,0,1699437735
1,50.4525,8.34295,0,0,1699437735
1,49.3286,12.5003,0,0,1699437735
1,45.7989,11.6231,0,0,1699437735
1,41.3463,6.7385,0,0,1699437735
1,42.0064,5.10413,0,0,1699437735
1,44.5478,6.17145,0,0,1699437735
1,44.5015,6.58223,0,0,1699437735
1,44.9688,6.51015,0,0,1699437735
1,46.1223,5.36857,0,0,1699437735
1,44.5444,4.59689,0,0,1699437735
1,43.7372,7.72192,0,0,1699437735
1,46.7709,11.0399,0,0,1699437735
1,47.9471,9.14401,0,0,1699437735
1,45.6932,5.92155,0,0,1699437735
1,45.729,5.14871,0,0,1699437735
1,48.521,4.9784,0,0,1699437735
1,50.5042,4.46415,0,0,1699437735
1,50.8466,4.25709,0,0,1699437735
1,49.4062,4.60088,0,0,1699437735
1,48.0132,4.7754,0,0,1699437735
1,48.763,4.62628,0,0,1699437735
1,49.5208,4.54845,0,0,1699437735
1,50.7071,3.84668,0,0,1699437735
1,39.5243,2.50313,0,0,1699437735
1,47.9802,3.51261,0,0,1699437735
1,43.2137,8.00369,0,0,1699437735
1,44.8239,10.342,0,0,1699437735
1,48.4276,7.09728,0,0,1699437735
1,48.3671,3.18832,0,0,1699437735
1,45.2696,3.88514,0,0,1699437735
1,42.6326,8.13528,0,0,1699437735
1,43.2436,9.78922,0,0,1699437735
1,45.1535,7.1974,0,0,1699437735
1,46.5521,6.50423,0,0,1699437735
1,49.2089,8.69555,0,0,1699437735
1,51.2527,9.72478,0,0,1699437735
1,50.252,9.09141,0,0,1699437735
1,48.936,6.87087,0,0,1699437735
1,48.3951,4.81583,0,0,1699437735
1,47.1971,5.03372,0,0,1699437735
1,45.3112,5.14023,0,0,1699437735
1,43.7759,4.38045,0,0,1699437735
1,43.6881,4.8686,0,0,1699437735
1,43.4432,6.69354,0,0,1699437735
1,42.4071,8.19652,0,0,1699437735
1,44.5677,7.67625,0,0,1699437735
1,49.4101,6.80856,0,0,1699437735
1,50.7144,8.33317,0,0,1699437735
1,48.036,10.0927,0,0,1699437735
1,46.7147,10.6919,0,0,1699437735
1,45.6431,10.7755,0,0,1699437735
1,41.7991,8.58914,0,0,1699437735
1,39.5625,5.36581,0,0,1699437735
1,39.9536,3.60273,0,0,1699437735
1,41.2968,2.82684,0,0,1699437735
1,46.0426,3.63502,0,0,1699437735
1,39.5243,5.676,0,0,1699437735
1,39.5243,5.8045,0,0,1699437735
1,39.5243,3.72754,0,0,1699437735
1,39.5243,2.43455,0,0,1699437735
1,46.7106,2.76598,0,0,1699437735
1,40.6254,3.44223,0,0,1699437735
1,39.7914,4.22035,0,0,1699437735
1,41.5122,5.63023,0,0,1699437735
1,44.533,8.38132,0,0,1699437735
1,49.6953,10.6123,0,0,1699437735
1,39.5243,8.58833,0,0,1699437735
1,39.5243,3.9163,0,0,1699437735
1,39.5243,2.29671,0,0,1699437735
1,39.5243,4.32736,0,0,1699437735
1,49.442,5.71183,0,0,1699437735
1,46.235,4.86196,0,0,1699437735
1,47.1974,3.56863,0,0,1699437735
1,48.6955,3.19865,0,0,1699437735
1,50.7045,4.45985,0,0,1699437735
1,39.5243,7.69,0,0,1699437735
1,39.5243,10.6925,0,0,1699437735
1,39.5243,10.3682,0,0,1699437735
1,49.8571,8.1289,0,0,1699437735
1,49.5059,6.71119,0,0,1699437735
1,49.4652,5.68803,0,0,1699437735
1,47.2137,6.69151,0,0,1699437735
1,46.5838,10.6382,0,0,1699437735
1,47.6838,12.1653,0,0,1699437735
1,46.0676,9.20251,0,0,1699437735
1,45.5867,6.80554,0,0,1699437735
1,50.4296,6.9531,0,0,1699437735
1,39.5243,7.02989,0,0,1699437735
1,39.5243,5.72674,0,0,1699437735
1,49.8151,4.17643,0,0,1699437735
1,47.7521,3.45865,0,0,1699437735
1,46.96,2.75115,0,0,1699437735
1,48.5699,2.20193,0,0,1699437735
1,39.5243,3.11428,0,0,1699437735
1,39.5243,5.2207,0,0,1699437735
1,49.9659,6.76078,0,0,1699437735
1,47.6854,5.15737,0,0,1699437735
1,46.9625,4.0328,0,0,1699437735
1,47.3343,8.4926,0,0,1699437735
1,47.6917,11.2638,0,0,1699437735
1,44.4621,6.85568,0,0,1699437735
1,43.672,2.69995,0,0,1699437735
1,49.5448,2.9567,0,0,1699437735
1,39.5243,4.6201,0,0,1699437735
1,48.6947,6.46693,0,0,1699437735
1,42.3603,7.31867,0,0,1699437735
1,42.8735,5.54616,0,0,1699437735
1,49.5581,3.0918,0,0,1699437735
1,39.5243,2.24768,0,0,1699437735
1,46.7167,3.30872,0,0,1699437735
1,42.0418,4.7354,0,0,1699437735
1,41.166,5.05125,0,0,1699437735
1,42.0399,5.50251,0,0,1699437735
1,44.227,6.7859,0,0,1699437735
1,47.0891,7.77489,0,0,1699437735
1,48.6914,7.24424,0,0,1699437735
1,47.6069,6.44301,0,0,1699437735
1,47.7609,8.07208,0,0,1699437735
1,50.6811,10.4299,0,0,1699437735
1,51.2582,10.507,0,0,1699437735
1,48.4797,8.10375,0,0,1699437735
1,45.827,4.44663,0,0,1699437735
1,45.8098,2.52048,0,0,1699437735
1,44.9092,3.71903,0,0,1699437735
1,43.0351,5.09956,0,0,1699437735
1,47.1026,4.36041,0,0,1699437735
1,39.5243,2.90515,0,0,1699437735
1,49.655,2.46979,0,0,1699437735
1,48.3196,4.40273,0,0,1699437735
1,49.5097,8.14202,0,0,1699437735
1,49.962,8.79634,0,0,1699437735
1,47.3412,5.14209,0,0,1699437735
1,44.2094,2.0589,0,0,1699437735
1,45.1396,2.02896,0,0,1699437735
1,48.4092,3.55775,0,0,1699437735
1,50.4778,4.25098,0,0,1699437735
1,50.9806,4.46016,0,0,1699437735
1,49.651,6.14984,0,0,1699437735
1,45.2447,7.11471,0,0,1699437735
1,41.9016,5.25301,0,0,1699437735
1,43.9195,3.81182,0,0,1699437735
1,46.7529,4.93417,0,0,1699437735
1,46.2399,7.02955,0,0,1699437735
1,43.537,8.99688,0,0,1699437735
1,41.9965,9.90699,0,0,1699437735
1,44.8099,8.92997,0,0,1699437735
1,49.8246,6.42734,0,0,1699437735
1,39.5243,4.13088,0,0,1699437735
1,48.9768,4.55856,0,0,1699437735
1,45.5781,6.86883,0,0,1699437735
1,42.2773,9.38647,0,0,1699437735
1,40.3994,10.941,0,0,1699437735
1,40.8793,9.28722,0,0,1699437735
1,41.7772,7.14997,0,0,1699437735
1,43.6395,6.64519,0,0,1699437735
1,46.9281,5.87629,0,0,1699437735
1,47.3339,6.5445,0,0,1699437735
1,44.5648,8.51263,0,0,1699437735
1,44.6647,9.4047,0,0,1699437735
1,46.2339,10.5719,0,0,1699437735
1,43.491,11.1024,0,0,1699437735
1,39.439,8.5848,0,0,1699437735
1,39.7162,5.49275,0,0,1699437735
1,44.4412,4.95042,0,0,1699437735
1,48.6636,5.78403,0,0,1699437735
1,47.3922,5.42378,0,0,1699437735
1,43.8687,3.60251,0,0,1699437735
1,44.112,2.07756,0,0,1699437735
1,46.0475,1.7632,0,0,1699437735
1,45.6968,2.32179,0,0,1699437735
1,43.3212,4.17999,0,0,1699437735
1,41.6362,6.65775,0,0,1699437735
1,42.5761,7.75562,0,0,1699437735
1,43.2522,7.08507,0,0,1699437735
1,41.6925,5.56392,0,0,1699437735
1,41.2906,4.83846,0,0,1699437735
1,45.2355,5.01501,0,0,1699437735
1,39.5243,5.10102,0,0,1699437735
1,39.5243,7.07033,0,0,1699437735
1,48.5196,9.68372,0,0,1699437735
1,41.9041,9.01125,0,0,1699437735
1,39.1885,6.92672,0,0,1699437735
1,39.871,5.10641,0,0,1699437735
1,42.409,2.96184,0,0,1699437735
1,44.768,2.32397,0,0,1699437735
1,44.9049,2.74376,0,0,1699437735
1,47.3924,2.59215,0,0,1699437735
1,39.5243,2.87312,0,0,1699437735
1,51.1513,3.89783,0,0,1699437735
1,42.8708,6.14681,0,0,1699437735
1,40.7031,9.33383,0,0,1699437735
1,46.2276,10.1315,0,0,1699437735
1,48.5951,9.03915,0,0,1699437735
1,46.5582,9.92623,0,0,1699437735
1,46.4034,12.1379,0,0,1699437735
1,44.9698,11.9208,0,0,1699437735
1,41.7396,7.99684,0,0,1699437735
1,42.6557,4.85826,0,0,1699437735
1,44.7187,5.87875,0,0,1699437735
1,42.7549,7.37582,0,0,1699437735
1,38.4328,7.25318,0,0,1699437735
1,37.9351,7.22344,0,0,1699437735
1,43.8145,6.97937,0,0,1699437735
1,47.6779,7.07421,0,0,1699437735
1,46.0463,8.60923,0,0,1699437735
1,46.9276,9.32138,0,0,1699437735
1,50.7948,8.51659,0,0,1699437735
1,50.9993,7.49255,0,0,1699437735
1,47.155,6.15186,0,0,1699437735
1,43.1974,5.15859,0,0,1699437735
1,39.8585,4.36949,0,0,1699437735
1,36.9956,3.77474,0,0,1699437735
1,36.8646,5.74333,0,0,1699437735
1,39.1664,8.47507,0,0,1699437735
1,42.6259,6.94869,0,0,1699437735
1,46.6293,4.37705,0,0,1699437735
1,49.5321,5.67853,0,0,1699437735
1,48.7341,7.79785,0,0,1699437735
1,43.2651,10.7348,0,0,1699437735
1,39.4099,14.2375,0,0,1699437735
1,40.8901,12.4593,0,0,1699437735
1,43.164,7.23479,0,0,1699437735
1,44.7374,4.57844,0,0,1699437735
1,44.5354,5.27803,0,0,1699437735
1,40.1037,6.65863,0,0,1699437735
1,36.3595,6.5228,0,0,1699437735
1,40.0825,7.60228,0,0,1699437735
1,46.3992,10.1856,0,0,1699437735
1,46.2352,10.1149,0,0,1699437735
1,42.5195,9.31778,0,0,1699437735
1,41.5612,9.9193,0,0,1699437735
1,42.6053,8.15354,0,0,1699437735
1,41.8895,4.92421,0,0,1699437735
1,38.6451,5.84049,0,0,1699437735
1,37.7573,8.84363,0,0,1699437735
1,41.1967,7.53813,0,0,1699437735
1,43.2406,4.43487,0,0,1699437735
1,40.7022,4.75708,0,0,1699437735
1,38.0004,5.89876,0,0,1699437735
1,37.4605,4.96989,0,0,1699437735
1,37.7155,6.00262,0,0,1699437735
1,40.2446,10.9763,0,0,1699437735
1,43.6292,12.7116,0,0,1699437735
1,45.3246,7.8024,0,0,1699437735
1,45.0503,3.60455,0,0,1699437735
1,42.0375,3.81567,0,0,1699437735
1,41.3048,4.90251,0,0,1699437735
1,45.5855,5.14667,0,0,1699437735
1,46.0661,5.98763,0,0,1699437735
1,39.5761,7.38607,0,0,1699437735
1,34.2531,6.90954,0,0,1699437735
1,34.6318,5.66286,0,0,1699437735
1,39.8055,5.55342,0,0,1699437735
1,46.0717,4.9005,0,0,1699437735
1,47.3202,4.64101,0,0,1699437735
1,44.644,5.58678,0,0,1699437735
1,44.4703,5.07874,0,0,1699437735
1,47.1279,3.37721,0,0,1699437735
1,48.0565,3.89424,0,0,1699437735
1,44.4631,6.39951,0,0,1699437735
1,38.4731,6.50013,0,0,1699437735
1,32.909,4.78504,0,0,1699437735
1,28.6719,6.64486,0,0,1699437735
1,28.333,10.8664,0,0,1699437735
1,31.7058,10.6197,0,0,1699437735
1,34.8265,6.28836,0,0,1699437735
1,36.9803,3.99738,0,0,1699437735
1,37.8223,4.07211,0,0,1699437735
1,34.9669,3.29128,0,0,1699437735
1,30.3986,3.07454,0,0,1699437735
1,28.331,5.87326,0,0,1699437735
1,29.3056,8.62139,0,0,1699437735
1,31.9318,8.87433,0,0,1699437735
1,34.5746,8.42796,0,0,1699437735
1,36.1271,7.11631,0,0,1699437735
1,36.6142,6.6282,0,0,1699437735
1,36.9342,9.78005,0,0,1699437735
1,38.6991,11.6656,0,0,1699437735
1,40.8951,8.90521,0,0,1699437735
1,40.4347,5.85485,0,0,1699437735
1,37.8312,5.35377,0,0,1699437735
1,37.2063,7.86967,0,0,1699437735
1,39.121,10.9888,0,0,1699437735
1,39.3854,10.5085,0,0,1699437735
1,38.8799,7.80263,0,0,1699437735
1,42.088,6.4986,0,0,1699437735
1,46.5157,7.20069,0,0,1699437735
1,46.9073,7.62567,0,0,1699437735
1,45.2983,6.13506,0,0,1699437735
1,45.1559,5.72141,0,0,1699437735
1,44.2115,6.90904,0,0,1699437735
1,41.4689,6.57425,0,0,1699437735
1,39.0408,5.52036,0,0,1699437735
1,37.5113,6.16711,0,0,1699437735
1,38.7341,8.90993,0,0,1699437735
1,43.9765,10.3863,0,0,1699437735
1,48.5271,8.0348,0,0,1699437735
1,46.35,5.76702,0,0,1699437735
1,37.4181,6.09424,0,0,1699437735
1,29.7969,6.62482,0,0,1699437735
1,29.9743,6.53038,0,0,1699437735
1,34.5086,8.02135,0,0,1699437735
1,37.7652,10.9749,0,0,1699437735
1,37.2043,10.9653,0,0,1699437735
1,35.7203,7.42689,0,0,1699437735
1,38.4533,4.43613,0,0,1699437735
1,41.6491,2.92017,0,0,1699437735
1,41.3846,1.83842,0,0,1699437735
1,38.823,2.40919,0,0,1699437735
1,33.2684,4.87584,0,0,1699437735
1,29.2157,6.95674,0,0,1699437735
1,33.7616,7.32478,0,0,1699437735
1,41.4362,6.21362,0,0,1699437735
1,41.6657,5.15276,0,0,1699437735
1,36.3182,5.87986,0,0,1699437735
1,35.384,8.38916,0,0,1699437735
1,39.6825,11.6681,0,0,1699437735
1,41.939,13.3629,0,0,1699437735
1,39.7634,11.3103,0,0,1699437735
1,33.9048,7.61873,0,0,1699437735
1,39.5243,6.52649,0,0,1699437735
1,39.5243,8.6809,0,0,1699437735
1,28.3315,11.0879,0,0,1699437735
1,32.597,12.8579,0,0,1699437735
1,32.8862,13.3861,0,0,1699437735
1,32.7802,10.9883,0,0,1699437735
1,36.0157,7.5994,0,0,1699437735
1,39.0737,4.91203,0,0,1699437735
1,39.7288,2.88153,0,0,1699437735
1,38.0383,4.86451,0,0,1699437735
1,35.1106,10.5849,0,0,1699437735
1,33.9738,13.1998,0,0,1699437735
1,34.0281,12.1257,0,0,1699437735
1,32.3329,11.7608,0,0,1699437735
1,32.2473,11.565,0,0,1699437735
1,36.8924,9.38006,0,0,1699437735
1,39.1041,6.4508,0,0,1699437735
1,34.0924,5.26437,0,0,1699437735
1,28.796,6.09997,0,0,1699437735
1,30.3117,7.9584,0,0,1699437735
1,34.4352,8.85785,0,0,1699437735
1,33.6951,6.98,0,0,1699437735
1,30.4385,4.9641,0,0,1699437735
1,31.4205,4.71461,0,0,1699437735
1,35.1258,4.0283,0,0,1699437735
1,35.6043,3.51839,0,0,1699437735
1,34.8881,5.04435,0,0,1699437735
1,35.3678,7.09713,0,0,1699437735
1,33.2675,8.01632,0,0,1699437735
1,29.7524,7.19916,0,0,1699437735
1,29.6033,6.30165,0,0,1699437735
1,32.6124,6.56635,0,0,1699437735
1,34.7719,6.43679,0,0,1699437735
1,34.9419,7.4027,0,0,1699437735
1,35.2499,9.85833,0,0,1699437735
1,35.3534,10.332,0,0,1699437735
1,35.6311,8.61615,0,0,1699437735
1,36.9134,6.04343,0,0,1699437735
1,36.9438,4.48292,0,0,1699437735
1,34.9807,6.01048,0,0,1699437735
1,33.1089,7.86504,0,0,1699437735
1,32.19,8.0054,0,0,1699437735
1,31.767,8.02325,0,0,1699437735
1,32.4528,6.98831,0,0,1699437735
1,34.5233,4.45247,0,0,1699437735
1,37.217,5.04947,0,0,1699437735
1,40.1361,9.07228,0,0,1699437735
1,41.9226,8.88348,0,0,1699437735
1,40.1649,4.08249,0,0,1699437735
1,35.3307,2.63025,0,0,1699437735
1,32.2438,4.98489,0,0,1699437735
1,33.354,6.15951,0,0,1699437735
1,33.99,5.72969,0,0,1699437735
1,33.3781,5.89607,0,0,1699437735
1,35.9471,6.76588,0,0,1699437735
1,38.3899,7.85927,0,0,1699437735
1,37.5416,8.80534,0,0,1699437735
1,37.7621,7.59699,0,0,1699437735
1,37.8953,5.79339,0,0,1699437735
1,34.2138,6.54826,0,0,1699437735
1,31.0361,7.45136,0,0,1699437735
1,32.0462,7.75042,0,0,1699437735
1,33.4096,11.0347,0,0,1699437735
1,32.4911,8.06756,0,0,1699437735
1,31.4152,13.8175,0,0,1699437735
1,32.009,8.97831,0,0,1699437735
1,35.0349,7.34897,0,0,1699437735
1,38.705,7.37839,0,0,1699437735
1,41.6058,5.77626,0,0,1699437735
1,44.358,3.52923,0,0,1699437735
1,44.3621,2.82588,0,0,1699437735
1,40.7354,5.24872,0,0,1699437735
1,37.2136,8.72829,0,0,1699437735
1,35.3596,10.5041,0,0,1699437735
1,34.9441,9.97503,0,0,1699437735
1,34.8047,7.83062,0,0,1699437735
1,33.0639,8.0356,0,0,1699437735
1,32.3494,10.2791,0,0,1699437735
1,34.6896,8.94859,0,0,1699437735
1,36.4206,5.57523,0,0,1699437735
1,35.0068,5.21886,0,0,1699437735
1,31.8081,7.86699,0,0,1699437735
1,31.2211,11.2824,0,0,1699437735
1,35.0044,13.0877,0,0,1699437735
1,38.8677,12.732,0,0,1699437735
1,40.1134,10.9803,0,0,1699437735
1,38.4228,8.85693,0,0,1699437735
1,35.2188,7.94802,0,0,1699437735
1,34.8449,6.81718,0,0,1699437735
1,37.0866,5.0287,0,0,1699437735
1,38.0589,5.97165,0,0,1699437735
1,36.9955,8.09891,0,0,1699437735
1,34.7499,8.49531,0,0,1699437735
1,32.7929,9.55828,0,0,1699437735
1,31.2445,11.2184,0,0,1699437735
1,30.9818,10.4145,0,0,1699437735
1,34.9969,7.4825,0,0,1699437735
1,37.7058,7.13769,0,0,1699437735
1,33.2534,10.567,0,0,1699437735
1,28.7433,11.1743,0,0,1699437735
1,29.8137,7.84212,0,0,1699437735
1,32.3812,6.06842,0,0,1699437735
1,32.85,6.20199,0,0,1699437735
1,33.5921,5.99973,0,0,1699437735
1,37.4529,4.5554,0,0,1699437735
1,41.51,2.84417,0,0,1699437735
1,41.8232,2.40909,0,0,1699437735
1,39.2143,3.49695,0,0,1699437735
1,36.0865,5.18827,0,0,1699437735
1,33.4926,5.04993,0,0,1699437735
1,32.5225,3.73546,0,0,1699437735
1,33.383,5.96235,0,0,1699437735
1,36.6053,9.95618,0,0,1699437735
1,41.5428,9.7967,0,0,1699437735
1,43.0672,7.82522,0,0,1699437735
1,40.1317,7.10404,0,0,1699437735
1,38.5887,6.64522,0,0,1699437735
1,39.9751,7.94159,0,0,1699437735
1,39.2414,10.5519,0,0,1699437735
1,36.1791,12.0197,0,0,1699437735
1,36.0615,11.4815,0,0,1699437735
1,37.3867,8.8757,0,0,1699437735
1,35.9878,8.94424,0,0,1699437735
1,34.0798,13.2643,0,0,1699437735
1,33.0579,13.255,0,0,1699437735
1,30.5832,8.53726,0,0,1699437735
1,28.1768,7.28263,0,0,1699437735
1,28.4287,8.57189,0,0,1699437735
1,28.8188,8.33187,0,0,1699437735
1,27.9623,7.40729,0,0,1699437735
1,28.3346,7.41998,0,0,1699437735
1,30.5634,7.59556,0,0,1699437735
1,30.7934,8.46709,0,0,1699437735
1,29.4889,12.296,0,0,1699437735
1,31.6393,14.8224,0,0,1699437735
1,36.4244,12.1697,0,0,1699437735
1,41.8224,9.96648,0,0,1699437735
1,46.1083,11.8327,0,0,1699437735
1,44.6948,14.5191,0,0,1699437735
1,38.973,8.06756,0,0,1699437735
1,34.8547,8.06756,0,0,1699437735
1,33.2646,8.06756,0,0,1699437735
1,33.4971,9.04213,0,0,1699437735
1,37.0402,3.86744,0,0,1699437735
1,41.6513,4.8669,0,0,1699437735
1,42.2129,6.88439,0,0,1699437735
1,38.9021,6.81205,0,0,1699437735
1,37.7286,7.58048,0,0,1699437735
1,41.0112,9.08193,0,0,1699437735
1,43.0791,8.14091,0,0,1699437735
1,39.3599,8.52781,0,0,1699437735
1,33.3353,11.8371,0,0,1699437735
1,31.8396,11.629,0,0,1699437735
1,34.6669,7.93928,0,0,1699437735
1,37.1686,5.21472,0,0,1699437735
1,39.5032,3.51001,0,0,1699437735
1,41.5354,2.32292,0,0,1699437735
1,41.5977,2.22287,0,0,1699437735
1,40.5958,3.12051,0,0,1699437735
1,38.8887,3.79717,0,0,1699437735
1,37.1664,3.55815,0,0,1699437735
1,36.4366,4.41665,0,0,1699437735
1,35.8203,6.81028,0,0,1699437735
1,34.7557,8.52464,0,0,1699437735
1,33.325,9.79473,0,0,1699437735
1,31.4295,10.1386,0,0,1699437735
1,32.708,7.74549,0,0,1699437735
1,38.3951,6.28099,0,0,1699437735
1,40.3514,8.15862,0,0,1699437735
1,35.1217,9.23767,0,0,1699437735
1,30.2604,8.10791,0,0,1699437735
1,31.6246,7.33426,0,0,1699437735
1,36.0389,8.5154,0,0,1699437735
1,36.8545,10.2655,0,0,1699437735
1,34.947,11.0357,0,0,1699437735
1,36.962,12.2157,0,0,1699437735
1,41.9763,11.6908,0,0,1699437735
1,42.6937,8.57153,0,0,1699437735
1,39.8848,7.13231,0,0,1699437735
1,38.2811,6.67618,0,0,1699437735
1,37.9427,7.36339,0,0,1699437735
1,38.3825,9.95255,0,0,1699437735
1,37.3404,9.49533,0,0,1699437735
1,33.3511,6.67931,0,0,1699437735
1,30.7911,7.3552,0,0,1699437735
1,31.8477,10.9077,0,0,1699437735
1,33.4858,12.0125,0,0,1699437735
1,33.5036,10.2613,0,0,1699437735
1,32.5651,10.713,0,0,1699437735
1,33.9929,13.8762,0,0,1699437735
1,37.7,8.06756,0,0,1699437735
1,38.1144,14.001,0,0,1699437735
1,34.2892,11.3881,0,0,1699437735
1,30.5974,8.274,0,0,1699437735
1,30.576,8.93747,0,0,1699437735
1,34.5293,13.2854,0,0,1699437735
1,36.9795,14.177,0,0,1699437735
1,34.5786,10.5422,0,0,1699437735
1,32.2014,6.61972,0,0,1699437735
1,32.927,3.64661,0,0,1699437735
1,33.9768,3.29115,0,0,1699437735
1,33.3955,5.08018,0,0,1699437735
1,31.4701,4.72976,0,0,1699437735
1,30.4158,3.50568,0,0,1699437735
1,32.6356,5.45105,0,0,1699437735
1,36.232,8.33712,0,0,1699437735
1,39.0113,10.4346,0,0,1699437735
1,40.803,12.7049,0,0,1699437735
1,39.6264,12.2093,0,0,1699437735
1,36.3835,10.2641,0,0,1699437735
1,34.8975,10.5184,0,0,1699437735
1,36.049,9.17199,0,0,1699437735
1,36.105,5.67663,0,0,1699437735
1,33.8564,3.9305,0,0,1699437735
1,34.1236,3.53684,0,0,1699437735
1,36.0464,4.16612,0,0,1699437735
1,35.4162,6.15523,0,0,1699437735
1,31.999,6.49934,0,0,1699437735
1,27.9784,6.01153,0,0,1699437735
1,28.3849,8.61655,0,0,1699437735
1,31.937,9.5623,0,0,1699437735
1,31.7333,6.73434,0,0,1699437735
1,30.0042,7.16962,0,0,1699437735
1,33.0968,9.04336,0,0,1699437735
1,37.5721,6.13352,0,0,1699437735
1,37.1567,3.2366,0,0,1699437735
1,34.2424,5.29847,0,0,1699437735
1,33.8337,6.7906,0,0,1699437735
1,35.1555,5.8663,0,0,1699437735
1,34.1995,6.60655,0,0,1699437735
1,30.7507,8.7978,0,0,1699437735
1,30.0833,12.4465,0,0,1699437735
1,34.2285,8.06756,0,0,1699437735
1,37.0781,12.0596,0,0,1699437735
1,37.0962,8.63354,0,0,1699437735
1,40.6238,9.81252,0,0,1699437735
1,44.4028,12.2092,0,0,1699437735
1,40.3366,12.29,0,0,1699437735
1,34.9031,9.17934,0,0,1699437735
1,36.0115,5.87371,0,0,1699437735
1,38.1306,6.6053,0,0,1699437735
1,36.8046,9.68521,0,0,1699437735
1,36.7735,12.6238,0,0,1699437735
1,39.5632,14.589,0,0,1699437735
1,40.3315,12.9559,0,0,1699437735
1,39.9742,9.66597,0,0,1699437735
1,41.5216,9.05497,0,0,1699437735
1,40.1605,10.8349,0,0,1699437735
1,34.4219,11.2576,0,0,1699437735
1,31.3725,8.51795,0,0,1699437735
1,32.1086,5.75777,0,0,1699437735
1,31.9556,5.71032,0,0,1699437735
1,31.9067,8.24612,0,0,1699437735
1,34.1792,11.1527,0,0,1699437735
1,38.1626,11.4385,0,0,1699437735
1,40.275,10.3687,0,0,1699437735
1,39.0649,10.2882,0,0,1699437735
1,39.5431,9.89564,0,0,1699437735
1,40.8035,8.35628,0,0,1699437735
1,39.7563,6.89153,0,0,1699437735
1,37.5478,6.32721,0,0,1699437735
1,32.7031,7.06991,0,0,1699437735
1,28.3238,7.42628,0,0,1699437735
1,29.9187,6.13823,0,0,1699437735
1,34.5624,6.20515,0,0,1699437735
1,37.0185,7.29727,0,0,1699437735
1,36.8817,6.4869,0,0,1699437735
1,35.6619,6.66138,0,0,1699437735
1,33.7213,8.79061,0,0,1699437735
1,32.7285,10.092,0,0,1699437735
1,34.5497,11.7821,0,0,1699437735
1,36.8003,11.8964,0,0,1699437735
1,37.4245,8.90014,0,0,1699437735
1,37.442,7.95276,0,0,1699437735
1,37.3502,7.81487,0,0,1699437735
1,38.2325,5.36002,0,0,1699437735
1,39.6658,4.63125,0,0,1699437735
1,38.2591,6.31828,0,0,1699437735
1,34.9914,7.89057,0,0,1699437735
1,35.1789,10.3007,0,0,1699437735
1,38.8425,13.7806,0,0,1699437735
1,39.5243,8.06756,0,0,1699437735
1,39.5243,14.6139,0,0,1699437735
1,39.5243,10.123,0,0,1699437735
1,47.3735,7.3589,0,0,1699437735
1,38.0791,8.27305,0,0,1699437735
1,40.5526,9.15318,0,0,1699437735
1,40.6225,10.3649,0,0,1699437735
1,40.983,13.1301,0,0,1699437735
1,40.3879,12.4942,0,0,1699437735
1,37.1083,6.95938,0,0,1699437735
1,36.9453,3.9735,0,0,1699437735
1,41.2191,7.27195,0,0,1699437735
1,44.7562,10.6094,0,0,1699437735
1,45.9665,9.594,0,0,1699437735
1,44.5358,6.54697,0,0,1699437735
1,42.3798,4.62394,0,0,1699437735
1,42.4614,4.21508,0,0,1699437735
1,40.171,3.13226,0,0,1699437735
1,35.0445,2.44521,0,0,1699437735
1,33.7488,4.2385,0,0,1699437735
1,33.907,6.14139,0,0,1699437735
1,31.6098,6.12062,0,0,1699437735
1,30.1777,6.07827,0,0,1699437735
1,31.0557,7.87174,0,0,1699437735
1,32.3283,8.86795,0,0,1699437735
1,33.8469,9.28975,0,0,1699437735
1,36.7795,12.0662,0,0,1699437735
1,38.8366,12.2409,0,0,1699437735
1,37.2517,7.57322,0,0,1699437735
1,34.2758,4.12497,0,0,1699437735
1,33.805,3.62234,0,0,1699437735
1,34.5091,3.86861,0,0,1699437735
1,31.5865,6.6812,0,0,1699437735
1,28.9116,11.7347,0,0,1699437735
1,31.8024,12.7689,0,0,1699437735
1,35.5637,9.72072,0,0,1699437735
1,37.1105,6.91716,0,0,1699437735
1,38.442,5.90294,0,0,1699437735
1,39.1372,8.13744,0,0,1699437735
1,37.4743,12.7973,0,0,1699437735
1,34.4392,8.06756,0,0,1699437735
1,32.6878,11.7166,0,0,1699437735
1,33.8838,7.0897,0,0,1699437735
1,38.6408,6.61906,0,0,1699437735
1,44.1042,6.85832,0,0,1699437735
1,46.0622,4.96848,0,0,1699437735
1,42.5034,5.05176,0,0,1699437735
1,34.0279,8.18908,0,0,1699437735
1,39.5243,9.63462,0,0,1699437735
1,28.5235,8.96645,0,0,1699437735
1,33.6251,8.42779,0,0,1699437735
1,37.2717,8.56368,0,0,1699437735
1,40.3831,11.1541,0,0,1699437735
1,45.1959,13.2946,0,0,1699437735
1,48.4261,10.1914,0,0,1699437735
1,45.7791,5.96052,0,0,1699437735
1,41.4039,4.85005,0,0,1699437735
1,42.1308,4.87028,0,0,1699437735
1,44.2106,5.12478,0,0,1699437735
1,39.9218,6.66483,0,0,1699437735
1,35.3156,8.90003,0,0,1699437735
1,38.3222,9.21788,0,0,1699437735
1,40.8471,7.60099,0,0,1699437735
1,36.9515,5.95574,0,0,1699437735
1,36.0635,4.81553,0,0,1699437735
1,41.5568,6.16621,0,0,1699437735
1,45.4669,8.38001,0,0,1699437735
1,45.1756,10.5357,0,0,1699437735
1,42.2631,14.3808,0,0,1699437735
1,39.7516,13.398,0,0,1699437735
1,39.0846,6.92033,0,0,1699437735
1,37.4649,4.05341,0,0,1699437735
1,37.5606,5.80161,0,0,1699437735
1,40.5979,8.42956,0,0,1699437735
1,41.7928,10.7039,0,0,1699437735
1,41.9309,11.0987,0,0,1699437735
1,43.4787,7.66264,0,0,1699437735
1,43.0329,4.84869,0,0,1699437735
1,38.8466,6.95402,0,0,1699437735
1,35.4798,7.46643,0,0,1699437735
1,35.5136,4.46245,0,0,1699437735
1,37.408,2.80122,0,0,1699437735
1,39.3239,1.94865,0,0,1699437735
1,39.4699,8.06756,0,0,1699437735
1,38.24,1.70264,0,0,1699437735
1,38.4011,4.03797,0,0,1699437735
1,38.2513,6.25041,0,0,1699437735
1,34.2393,7.18256,0,0,1699437735
1,31.2532,7.5843,0,0,1699437735
1,33.7444,7.14795,0,0,1699437735
1,35.9581,7.08743,0,0,1699437735
1,34.5745,7.8399,0,0,1699437735
1,35.9712,7.83881,0,0,1699437735
1,41.1097,8.31372,0,0,1699437735
1,43.8721,8.88938,0,0,1699437735
1,43.6337,7.53083,0,0,1699437735
1,42.914,5.75363,0,0,1699437735
1,44.8844,5.43297,0,0,1699437735
1,48.0408,7.62204,0,0,1699437735
1,46.0283,12.3333,0,0,1699437735
1,41.2018,8.06756,0,0,1699437735
1,38.9526,13.9688,0,0,1699437735
1,37.7601,10.3175,0,0,1699437735
1,36.2263,7.91757,0,0,1699437735
1,37.3973,7.87685,0,0,1699437735
1,41.1596,8.15462,0,0,1699437735
1,41.6819,7.46052,0,0,1699437735
1,36.9811,6.5689,0,0,1699437735
1,31.8749,5.25049,0,0,1699437735
1,29.7738,4.48041,0,0,1699437735
1,29.1671,4.53496,0,0,1699437735
1,31.2111,3.91044,0,0,1699437735
1,36.0601,3.83879,0,0,1699437735
1,36.5835,4.97164,0,0,1699437735
1,33.909,5.06835,0,0,1699437735
1,36.9272,4.39779,0,0,1699437735
1,42.8042,5.42607,0,0,1699437735
1,43.3261,7.39289,0,0,1699437735
1,39.9444,6.93757,0,0,1699437735
1,38.4001,5.31714,0,0,1699437735
1,38.7546,6.15005,0,0,1699437735
1,38.1804,6.74793,0,0,1699437735
1,35.9261,5.86327,0,0,1699437735
1,34.004,7.35884,0,0,1699437735
1,37.4325,9.26596,0,0,1699437735
1,45.0006,7.35639,0,0,1699437735
1,46.7706,3.4064,0,0,1699437735
1,40.2455,2.03036,0,0,1699437735
1,32.9661,4.70797,0,0,1699437735
1,30.0464,9.07648,0,0,1699437735
1,31.5065,12.2483,0,0,1699437735
1,35.3295,11.0567,0,0,1699437735
1,38.5393,6.45842,0,0,1699437735
1,40.1595,4.68079,0,0,1699437735
1,40.3487,6.59932,0,0,1699437735
1,37.7942,7.15974,0,0,1699437735
1,35.7095,5.69617,0,0,1699437735
1,37.9316,5.54551,0,0,1699437735
1,40.1749,6.54059,0,0,1699437735
1,39.1724,5.9541,0,0,1699437735
1,36.7651,6.09831,0,0,1699437735
1,33.5757,11.0367,0,0,1699437735
1,31.1615,8.06756,0,0,1699437735
1,32.8647,14.4064,0,0,1699437735
1,39.0035,14.3079,0,0,1699437735
1,43.7162,8.06756,0,0,1699437735
1,40.8943,12.9441,0,0,1699437735
1,35.6763,8.15675,0,0,1699437735
1,36.9272,4.56878,0,0,1699437735
1,41.1338,3.89052,0,0,1699437735
1,39.4177,5.5951,0,0,1699437735
1,32.3808,7.24128,0,0,1699437735
1,28.281,7.56456,0,0,1699437735
1,30.6884,6.50359,0,0,1699437735
1,34.1226,4.46258,0,0,1699437735
1,35.4079,4.72437,0,0,1699437735
1,37.232,9.43314,0,0,1699437735
1,37.5824,12.454,0,0,1699437735
1,34.7497,9.28111,0,0,1699437735
1,33.5651,5.28966,0,0,1699437735
1,35.0674,3.6985,0,0,1699437735
1,37.5059,4.08823,0,0,1699437735
1,39.5,6.7474,0,0,1699437735
1,38.6204,7.24405,0,0,1699437735
1,37.3746,3.9692,0,0,1699437735
1,39.6872,2.26349,0,0,1699437735
1,43.1549,4.05397,0,0,1699437735
1,43.3831,6.73371,0,0,1699437735
1,41.3922,9.41723,0,0,1699437735
1,38.8173,11.0967,0,0,1699437735
1,34.6084,10.3207,0,0,1699437735
1,31.9909,9.81404,0,0,1699437735
1,32.5534,10.4625,0,0,1699437735
1,33.0331,9.80291,0,0,1699437735
1,31.9969,8.96169,0,0,1699437735
1,31.3371,9.00433,0,0,1699437735
1,32.6134,10.0956,0,0,1699437735
1,33.9885,14.5501,0,0,1699437735
1,34.5128,8.06756,0,0,1699437735
1,32.9278,8.06756,0,0,1699437735
1,30.1316,13.6141,0,0,1699437735
1,31.1869,10.8586,0,0,1699437735
1,34.7264,7.58294,0,0,1699437735
1,37.3173,4.80803,0,0,1699437735
1,40.642,2.84284,0,0,1699437735
1,44.219,4.18857,0,0,1699437735
1,45.0679,8.56281,0,0,1699437735
1,44.0134,8.51106,0,0,1699437735
1,42.2456,5.46436,0,0,1699437735
1,38.5227,5.86176,0,0,1699437735
1,34.9995,6.77986,0,0,1699437735
1,32.7366,5.21693,0,0,1699437735
1,28.9826,4.86244,0,0,1699437735
1,39.5243,7.07993,0,0,1699437735
1,28.2683,7.63699,0,0,1699437735
1,32.7921,6.21659,0,0,1699437735
1,35.8159,6.30345,0,0,1699437735
1,33.2901,6.30095,0,0,1699437735
1,39.5243,5.31387,0,0,1699437735
1,39.5243,6.97961,0,0,1699437735
1,31.4036,11.2515,0,0,1699437735
1,38.6546,13.2534,0,0,1699437735
1,43.2858,10.9117,0,0,1699437735
1,41.4197,7.12746,0,0,1699437735
1,35.7172,5.54833,0,0,1699437735
1,34.375,7.37696,0,0,1699437735
1,36.7045,9.78276,0,0,1699437735
1,37.0214,8.94804,0,0,1699437735
1,35.8903,7.08097,0,0,1699437735
1,36.8001,8.16803,0,0,1699437735
1,39.3727,9.80351,0,0,1699437735
1,38.1034,10.9697,0,0,1699437735
1,33.7007,12.9667,0,0,1699437735
1,35.3446,12.5145,0,0,1699437735
1,41.0414,9.19024,0,0,1699437735
1,40.2978,6.12879,0,0,1699437735
1,33.8809,4.03228,0,0,1699437735
1,29.9559,3.21104,0,0,1699437735
1,31.9019,3.68793,0,0,1699437735
1,35.5957,4.02353,0,0,1699437735
1,35.299,3.03234,0,0,1699437735
1,31.7606,2.34031,0,0,1699437735
1,29.697,4.40708,0,0,1699437735
1,31.0986,7.03941,0,0,1699437735
1,35.0171,6.54992,0,0,1699437735
1,38.2005,5.39367,0,0,1699437735
1,36.7068,6.00954,0,0,1699437735
1,33.0997,5.63669,0,0,1699437735
1,32.9062,4.37617,0,0,1699437735
1,32.6918,5.88309,0,0,1699437735
1,31.4163,8.84095,0,0,1699437735
1,34.5675,8.54611,0,0,1699437735
1,36.5712,6.43494,0,0,1699437735
1,35.8405,6.4904,0,0,1699437735
1,39.5285,6.78489,0,0,1699437735
1,42.1123,5.47007,0,0,1699437735
1,39.2512,5.97174,0,0,1699437735
1,38.2346,9.02462,0,0,1699437735
1,40.9873,10.3496,0,0,1699437735
1,40.8495,9.35202,0,0,1699437735
1,37.0593,8.79072,0,0,1699437735
1,35.1948,8.4449,0,0,1699437735
1,35.694,9.09819,0,0,1699437735
1,37.2931,11.7878,0,0,1699437735
1,39.037,14.6283,0,0,1699437735
1,39.1447,8.06756,0,0,1699437735
1,37.5793,11.9139,0,0,1699437735
1,34.4294,7.26419,0,0,1699437735
1,32.1664,5.28426,0,0,1699437735
1,34.5378,3.95803,0,0,1699437735
1,41.0646,3.44553,0,0,1699437735
1,45.3416,4.50785,0,0,1699437735
1,43.8975,4.76175,0,0,1699437735
1,41.6268,5.38424,0,0,1699437735
1,39.8622,7.68602,0,0,1699437735
1,35.8984,10.3841,0,0,1699437735
1,34.3717,11.5086,0,0,1699437735
1,37.241,8.27816,0,0,1699437735
1,37.2277,4.48539,0,0,1699437735
1,35.3221,5.3459,0,0,1699437735
1,37.9074,5.92995,0,0,1699437735
1,39.7568,3.89275,0,0,1699437735
1,35.8182,5.14134,0,0,1699437735
1,32.4552,8.83932,0,0,1699437735
1,34.4709,9.29617,0,0,1699437735
1,37.1828,8.17855,0,0,1699437735
1,37.5473,8.10124,0,0,1699437735
1,38.5716,7.04119,0,0,1699437735
1,39.5202,5.32707,0,0,1699437735
1,37.2863,5.20049,0,0,1699437735
1,33.1034,7.30702,0,0,1699437735
1,30.5439,9.36413,0,0,1699437735
1,31.0516,8.01134,0,0,1699437735
1,33.7944,4.58562,0,0,1699437735
1,36.8335,2.62583,0,0,1699437735
1,38.1076,3.38232,0,0,1699437735
1,37.2705,5.00148,0,0,1699437735
1,35.0752,4.25488,0,0,1699437735
1,31.6232,2.48511,0,0,1699437735
1,28.366,2.30541,0,0,1699437735
1,30.4576,2.0785,0,0,1699437735
1,37.5962,8.06756,0,0,1699437735
1,40.3796,1.82828,0,0,1699437735
1,37.5336,4.51735,0,0,1699437735
1,36.2879,6.91442,0,0,1699437735
1,37.7269,6.96462,0,0,1699437735
1,38.7435,6.1323,0,0,1699437735
1,37.723,8.0377,0,0,1699437735
1,33.9129,12.0791,0,0,1699437735
1,29.5962,13.5714,0,0,1699437735
1,29.6097,12.1543,0,0,1699437735
1,33.2834,10.6001,0,0,1699437735
1,34.8662,9.02571,0,0,1699437735
1,32.532,6.39399,0,0,1699437735
1,31.9375,3.54457,0,0,1699437735
1,36.0123,2.64278,0,0,1699437735
1,37.2558,3.06848,0,0,1699437735
1,33.0311,3.37941,0,0,1699437735
1,30.6006,4.29649,0,0,1699437735
1,30.332,5.19174,0,0,1699437735
1,28.2483,6.14702,0,0,1699437735
1,28.0218,7.38876,0,0,1699437735
1,30.9449,7.74853,0,0,1699437735
1,34.4136,8.83146,0,0,1699437735
1,39.1201,9.12612,0,0,1699437735
1,42.3045,5.69604,0,0,1699437735
1,41.9582,4.22853,0,0,1699437735
1,38.5149,7.73046,0,0,1699437735
1,32.9097,12.8964,0,0,1699437735
1,31.6362,8.06756,0,0,1699437735
1,36.4172,8.06756,0,0,1699437735
1,41.0725,10.0846,0,0,1699437735
1,41.9817,4.52275,0,0,1699437735
1,38.8639,6.12267,0,0,1699437735
1,33.18,7.63443,0,0,1699437735
1,29.6468,7.14436,0,0,1699437735
1,35.5979,7.27259,0,0,1699437735
1,46.3123,6.44006,0,0,1699437735
1,44.3403,6.6273,0,0,1699437735
1,34.4346,10.6143,0,0,1699437735
1,34.7945,11.8085,0,0,1699437735
1,40.565,9.85583,0,0,1699437735
1,44.1095,10.5512,0,0,1699437735
1,46.5122,9.9415,0,0,1699437735
1,45.1743,7.50551,0,0,1699437735
1,41.1642,9.15042,0,0,1699437735
1,38.4292,11.4427,0,0,1699437735
1,37.4326,8.99923,0,0,1699437735
1,37.3374,4.93788,0,0,1699437735
1,37.9495,3.84083,0,0,1699437735
1,38.7338,5.11489,0,0,1699437735
1,38.6137,5.97582,0,0,1699437735
1,37.1951,7.10402,0,0,1699437735
1,36.0224,9.0246,0,0,1699437735
1,37.1167,9.79419,0,0,1699437735
1,38.7808,8.877,0,0,1699437735
1,38.026,6.442,0,0,1699437735
1,34.7217,5.87632,0,0,1699437735
1,29.8453,9.98777,0,0,1699437735
1,39.5243,12.2484,0,0,1699437735
1,39.5243,9.64937,0,0,1699437735
1,28.6717,8.45148,0,0,1699437735
1,32.7255,9.54228,0,0,1699437735
1,35.1043,9.24945,0,0,1699437735
1,36.5119,8.03631,0,0,1699437735
1,41.4537,7.23647,0,0,1699437735
1,43.9247,6.69425,0,0,1699437735
1,40.1871,6.47389,0,0,1699437735
1,36.9219,6.05734,0,0,1699437735
1,34.0742,7.14293,0,0,1699437735
1,29.7304,9.89276,0,0,1699437735
1,28.8196,11.1208,0,0,1699437735
1,33.1049,11.0533,0,0,1699437735
1,36.4708,9.4161,0,0,1699437735
1,35.2123,7.49369,0,0,1699437735
1,32.8138,8.62544,0,0,1699437735
1,32.3176,9.68215,0,0,1699437735
1,33.5109,7.81563,0,0,1699437735
1,33.846,5.17829,0,0,1699437735
1,31.8072,4.78217,0,0,1699437735
1,31.6003,5.8362,0,0,1699437735
1,33.6924,5.50266,0,0,1699437735
1,32.4171,5.28069,0,0,1699437735
1,29.651,5.82591,0,0,1699437735
1,30.3284,6.52393,0,0,1699437735
1,33.3445,7.74613,0,0,1699437735
1,33.818,6.41566,0,0,1699437735
1,28.4076,3.40369,0,0,1699437735
1,39.5243,3.9433,0,0,1699437735
1,39.5243,7.15158,0,0,1699437735
1,32.4153,9.33467,0,0,1699437735
1,32.9859,9.26946,0,0,1699437735
1,31.5361,8.44236,0,0,1699437735
1,31.7991,11.1485,0,0,1699437735
1,34.5539,8.06756,0,0,1699437735
1,36.4164,14.2917,0,0,1699437735
1,36.2031,7.27918,0,0,1699437735
1,36.4814,4.41155,0,0,1699437735
1,34.1548,5.43434,0,0,1699437735
1,28.8509,7.07111,0,0,1699437735
1,39.5243,9.50982,0,0,1699437735
1,30.7613,9.44211,0,0,1699437735
1,33.4546,6.70021,0,0,1699437735
1,33.724,7.68712,0,0,1699437735
1,33.3966,11.2351,0,0,1699437735
1,35.7236,9.78504,0,0,1699437735
1,37.7398,5.86035,0,0,1699437735
1,34.653,4.55974,0,0,1699437735
1,29.0944,3.6828,0,0,1699437735
1,39.5243,2.78346,0,0,1699437735
1,32.7418,4.34572,0,0,1699437735
1,39.4466,8.17894,0,0,1699437735
1,40.5176,10.4113,0,0,1699437735
1,35.0175,9.62971,0,0,1699437735
1,29.5435,8.55676,0,0,1699437735
1,28.1557,8.79591,0,0,1699437735
1,31.8414,12.7939,0,0,1699437735
1,37.7187,8.06756,0,0,1699437735
1,39.0105,8.06756,0,0,1699437735
1,36.4415,12.4999,0,0,1699437735
1,35.7303,9.15,0,0,1699437735
1,35.8012,8.8645,0,0,1699437735
1,34.721,8.53045,0,0,1699437735
1,35.1113,9.47844,0,0,1699437735
1,36.4027,12.8603,0,0,1699437735
1,36.3635,12.6727,0,0,1699437735
1,36.1131,7.52342,0,0,1699437735
1,34.8885,5.15696,0,0,1699437735
1,31.5279,7.824,0,0,1699437735
1,28.3502,8.69914,0,0,1699437735
1,39.5243,7.10878,0,0,1699437735
1,27.8032,6.89043,0,0,1699437735
1,32.6658,6.1527,0,0,1699437735
1,41.0541,5.16005,0,0,1699437735
1,43.992,6.02763,0,0,1699437735
1,42.0517,7.03938,0,0,1699437735
1,40.4474,7.79096,0,0,1699437735
1,37.1635,7.95751,0,0,1699437735
1,34.9262,6.49459,0,0,1699437735
1,38.3539,7.63668,0,0,1699437735
1,42.3936,14.8193,0,0,1699437735
1,41.8948,8.06756,0,0,1699437735
1,37.9213,8.06756,0,0,1699437735
1,32.2092,10.2943,0,0,1699437735
1,29.9235,7.63679,0,0,1699437735
1,34.4457,6.75822,0,0,1699437735
1,38.3518,5.97522,0,0,1699437735
1,35.4576,6.83395,0,0,1699437735
1,29.0241,10.0312,0,0,1699437735
1,39.5243,11.3032,0,0,1699437735
1,39.5243,7.57318,0,0,1699437735
1,30.5314,4.43653,0,0,1699437735
1,32.4725,6.70365,0,0,1699437735
1,31.7836,10.1452,0,0,1699437735
1,35.108,9.36908,0,0,1699437735
1,42.0375,6.62058,0,0,1699437735
1,43.7447,6.08692,0,0,1699437735
1,40.4611,9.33444,0,0,1699437735
1,37.7743,14.0415,0,0,1699437735
1,35.3525,14.1974,0,0,1699437735
1,33.2664,10.3155,0,0,1699437735
1,32.0789,6.89136,0,0,1699437735
1,29.7726,6.48044,0,0,1699437735
1,27.8681,11.447,0,0,1699437735
1,30.0217,8.06756,0,0,1699437735
1,35.607,14.8164,0,0,1699437735
1,37.3883,12.869,0,0,1699437735
1,32.6496,10.1835,0,0,1699437735
1,31.5868,7.59628,0,0,1699437735
1,37.0182,10.7944,0,0,1699437735
1,39.5648,14.8785,0,0,1699437735
1,37.6367,11.7948,0,0,1699437735
1,36.4769,5.92953,0,0,1699437735
1,36.424,4.35417,0,0,1699437735
1,35.6959,5.68508,0,0,1699437735
1,36.049,8.55917,0,0,1699437735
1,37.9293,14.8561,0,0,1699437735
1,38.996,8.06756,0,0,1699437735
1,37.8526,8.06756,0,0,1699437735
1,34.5871,14.3046,0,0,1699437735
1,32.8916,12.4086,0,0,1699437735
1,34.1472,10.2806,0,0,1699437735
1,33.9021,9.01281,0,0,1699437735
1,34.0715,9.71139,0,0,1699437735
1,40.3249,9.1048,0,0,1699437735
1,46.3194,6.58586,0,0,1699437735
1,43.6586,4.25518,0,0,1699437735
1,36.5475,2.74334,0,0,1699437735
1,32.323,4.68862,0,0,1699437735
1,32.0732,10.5437,0,0,1699437735
1,33.4066,12.2244,0,0,1699437735
1,33.2099,8.04452,0,0,1699437735
1,31.2331,6.35358,0,0,1699437735
1,30.5548,9.33812,0,0,1699437735
1,30.4906,13.1104,0,0,1699437735
1,29.9407,8.06756,0,0,1699437735
1,31.2764,13.644,0,0,1699437735
1,32.8406,11.5759,0,0,1699437735
1,32.986,11.5536,0,0,1699437735
1,34.9886,11.2952,0,0,1699437735
1,37.0344,10.7551,0,0,1699437735
1,34.3743,11.4948,0,0,1699437735
1,32.4575,10.092,0,0,1699437735
1,36.6194,6.11363,0,0,1699437735
1,40.8497,4.13177,0,0,1699437735
1,41.6993,5.60756,0,0,1699437735
1,41.2025,7.43845,0,0,1699437735
1,38.7369,7.52972,0,0,1699437735
1,34.32,6.7053,0,0,1699437735
1,31.059,6.03146,0,0,1699437735
1,31.5404,6.7888,0,0,1699437735
1,35.0597,10.38,0,0,1699437735
1,38.0056,13.3609,0,0,1699437735
1,37.6408,12.0637,0,0,1699437735
1,35.7642,12.2347,0,0,1699437735
1,35.8548,14.4729,0,0,1699437735
1,37.7461,13.9677,0,0,1699437735
1,37.9843,14.556,0,0,1699437735
1,36.7381,8.06756,0,0,1699437735
1,38.1657,12.5712,0,0,1699437735
1,40.2857,14.5301,0,0,1699437735
1,38.8201,8.06756,0,0,1699437735
1,36.9374,8.06756,0,0,1699437735
1,38.3229,13.9024,0,0,1699437735
1,39.4549,7.00822,0,0,1699437735
1,36.9801,3.07867,0,0,1699437735
1,32.9723,2.75962,0,0,1699437735
1,30.1478,5.24241,0,0,1699437735
1,30.8992,10.982,0,0,1699437735
1,34.0301,8.06756,0,0,1699437735
1,34.8031,8.06756,0,0,1699437735
1,33.6053,10.2934,0,0,1699437735
1,33.0422,6.4129,0,0,1699437735
1,33.9978,8.09289,0,0,1699437735
1,36.9233,8.71711,0,0,1699437735
1,40.2558,6.65607,0,0,1699437735
1,39.9535,5.86644,0,0,1699437735
1,35.4923,6.36459,0,0,1699437735
1,31.4919,6.45069,0,0,1699437735
1,27.7662,6.5997,0,0,1699437735
1,39.5243,6.15554,0,0,1699437735
1,30.0404,6.74362,0,0,1699437735
1,32.5789,9.35724,0,0,1699437735
1,30.4683,9.7755,0,0,1699437735
1,31.73,7.93846,0,0,1699437735
1,34.8881,7.86428,0,0,1699437735
1,35.5889,9.5308,0,0,1699437735
1,33.5417,10.5645,0,0,1699437735
1,30.9608,10.5738,0,0,1699437735
1,32.954,11.5117,0,0,1699437735
1,37.0506,11.8276,0,0,1699437735
1,36.3312,8.26311,0,0,1699437735
1,33.6789,6.87616,0,0,1699437735
1,33.1142,11.778,0,0,1699437735
1,32.0237,13.5243,0,0,1699437735
1,31.8511,9.62232,0,0,1699437735
1,33.2657,8.30277,0,0,1699437735
1,31.1019,10.3649,0,0,1699437735
1,28.4082,12.7562,0,0,1699437735
1,30.6306,8.06756,0,0,1699437735
1,33.9574,8.06756,0,0,1699437735
1,34.0147,9.72408,0,0,1699437735
1,31.0575,3.88543,0,0,1699437735
1,30.4575,3.21935,0,0,1699437735
1,35.7889,5.37421,0,0,1699437735
1,39.2002,5.29996,0,0,1699437735
1,36.0697,4.90266,0,0,1699437735
1,33.2137,8.55485,0,0,1699437735
1,33.7792,13.3202,0,0,1699437735
1,36.7337,8.06756,0,0,1699437735
1,40.3836,8.06756,0,0,1699437735
1,40.3713,8.06756,0,0,1699437735
1,36.5274,8.06756,0,0,1699437735
1,33.9159,8.06756,0,0,1699437735
1,35.1067,11.7751,0,0,1699437735
1,37.8741,9.19486,0,0,1699437735
1,38.2675,10.9824,0,0,1699437735
1,35.6656,10.2336,0,0,1699437735
1,32.5285,6.48655,0,0,1699437735
1,29.4875,6.08327,0,0,1699437735
1,39.5243,8.26632,0,0,1699437735
1,29.6639,11.1522,0,0,1699437735
1,35.2054,13.574,0,0,1699437735
1,39.3536,12.0075,0,0,1699437735
1,38.0212,8.80452,0,0,1699437735
1,35.7105,10.3538,0,0,1699437735
1,39.1428,13.8411,0,0,1699437735
1,42.3235,13.6901,0,0,1699437735
1,38.4312,14.0423,0,0,1699437735
1,34.4961,8.06756,0,0,1699437735
1,34.5684,8.06756,0,0,1699437735
1,35.4309,10.6448,0,0,1699437735
1,38.0302,4.78887,0,0,1699437735
1,39.475,5.53375,0,0,1699437735
1,35.0853,7.33055,0,0,1699437735
1,31.011,8.39351,0,0,1699437735
1,34.9526,8.12208,0,0,1699437735
1,40.5221,5.06675,0,0,1699437735
1,37.9009,5.12074,0,0,1699437735
1,31.012,11.2726,0,0,1699437735
1,28.3874,8.06756,0,0,1699437735
1,33.5796,8.06756,0,0,1699437735
1,42.5484,12.1935,0,0,1699437735
1,45.6229,11.2316,0,0,1699437735
1,42.6531,11.6538,0,0,1699437735
1,39.2193,8.96207,0,0,1699437735
1,37.5447,5.68351,0,0,1699437735
1,39.1946,6.0087,0,0,1699437735
1,38.9439,9.55038,0,0,1699437735
1,33.5079,11.5567,0,0,1699437735
1,31.8094,8.63516,0,0,1699437735
1,35.7872,5.32202,0,0,1699437735
1,37.1573,4.85421,0,0,1699437735
1,37.2836,4.0585,0,0,1699437735
1,38.9186,2.895,0,0,1699437735
1,38.3667,4.93743,0,0,1699437735
1,39.2008,7.93383,0,0,1699437735
1,42.6103,8.76743,0,0,1699437735
1,41.0387,9.05035,0,0,1699437735
1,35.5553,8.12476,0,0,1699437735
1,32.8005,7.09139,0,0,1699437735
1,32.7823,7.76254,0,0,1699437735
1,32.9769,6.80935,0,0,1699437735
1,34.4902,4.7462,0,0,1699437735
1,36.5712,4.1153,0,0,1699437735
1,35.534,5.02202,0,0,1699437735
1,34.3604,9.52771,0,0,1699437735
1,37.3991,14.5851,0,0,1699437735
1,41.1209,12.2974,0,0,1699437735
1,39.9335,5.60363,0,0,1699437735
1,33.707,3.1654,0,0,1699437735
1,28.7048,3.73292,0,0,1699437735
1,28.3051,5.32855,0,0,1699437735
1,29.5357,9.77257,0,0,1699437735
1,29.4405,12.1732,0,0,1699437735
1,28.843,9.49485,0,0,1699437735
1,33.5306,7.20325,0,0,1699437735
1,40.88,8.40629,0,0,1699437735
1,41.0478,9.96758,0,0,1699437735
1,37.006,8.91765,0,0,1699437735
1,33.3406,7.17456,0,0,1699437735
1,39.5243,7.35405,0,0,1699437735
1,39.5243,9.12979,0,0,1699437735
1,31.4164,10.0002,0,0,1699437735
1,38.1937,8.44116,0,0,1699437735
1,38.1297,6.79134,0,0,1699437735
1,35.9373,6.51615,0,0,1699437735
1,36.1481,8.08119,0,0,1699437735
1,36.194,9.58085,0,0,1699437735
1,34.7799,9.01893,0,0,1699437735
1,36.0279,8.93211,0,0,1699437735
1,38.9144,8.57153,0,0,1699437735
1,38.2301,6.84324,0,0,1699437735
1,36.1696,6.84615,0,0,1699437735
1,35.2032,9.39456,0,0,1699437735
1,32.3105,10.6742,0,0,1699437735
1,28.7968,8.87609,0,0,1699437735
1,29.6773,8.03907,0,0,1699437735
1,33.3435,9.75832,0,0,1699437735
1,34.6139,11.5931,0,0,1699437735
1,35.5669,12.0261,0,0,1699437735
1,36.9808,10.5947,0,0,1699437735
1,33.6106,8.13667,0,0,1699437735
1,29.5003,6.42669,0,0,1699437735
1,32.5199,8.0881,0,0,1699437735
1,37.3796,12.9033,0,0,1699437735
1,35.1207,14.7493,0,0,1699437735
1,30.7299,11.9332,0,0,1699437735
1,32.5298,10.893,0,0,1699437735
1,36.4042,11.3483,0,0,1699437735
1,36.2129,8.26718,0,0,1699437735
1,31.319,6.18902,0,0,1699437735
1,39.5243,9.32006,0,0,1699437735
1,39.5243,10.7175,0,0,1699437735
1,32.6696,8.50958,0,0,1699437735
1,41.0219,9.57065,0,0,1699437735
1,42.7502,12.713,0,0,1699437735
1,42.1557,12.2876,0,0,1699437735
1,45.4006,8.80701,0,0,1699437735
1,47.2805,6.87239,0,0,1699437735
1,41.4913,9.00277,0,0,1699437735
1,36.2312,12.219,0,0,1699437735
1,35.2658,12.4949,0,0,1699437735
1,33.75,9.86812,0,0,1699437735
1,33.8808,9.13828,0,0,1699437735
1,37.6117,10.9045,0,0,1699437735
1,41.5309,9.2071,0,0,1699437735
1,42.0613,6.23232,0,0,1699437735
1,40.9282,7.77694,0,0,1699437735
1,40.2151,10.8147,0,0,1699437735
1,37.4922,13.1469,0,0,1699437735
1,36.2228,8.06756,0,0,1699437735
1,38.3732,8.06756,0,0,1699437735
1,37.8071,14.1462,0,0,1699437735
1,34.2871,9.15324,0,0,1699437735
1,34.2415,8.71594,0,0,1699437735
1,38.6427,9.84914,0,0,1699437735
1,40.4976,10.4377,0,0,1699437735
1,37.2888,9.36543,0,0,1699437735
1,34.5837,7.67861,0,0,1699437735
1,35.7242,8.23802,0,0,1699437735
1,37.3895,8.58513,0,0,1699437735
1,36.7034,7.32505,0,0,1699437735
1,37.4959,5.6171,0,0,1699437735
1,40.9474,4.24555,0,0,1699437735
1,42.4362,3.70959,0,0,1699437735
1,41.3497,2.54393,0,0,1699437735
1,38.3476,1.40548,0,0,1699437735
1,33.2398,2.89281,0,0,1699437735
1,29.4411,5.4868,0,0,1699437735
1,28.4001,5.73636,0,0,1699437735
1,39.5243,4.71291,0,0,1699437735
1,27.7691,5.11467,0,0,1699437735
1,32.7367,7.36889,0,0,1699437735
1,37.7943,9.38049,0,0,1699437735
1,39.8771,8.71588,0,0,1699437735
1,40.6284,6.47142,0,0,1699437735
1,38.1849,5.05797,0,0,1699437735
1,33.9184,6.46271,0,0,1699437735
1,32.8581,11.1396,0,0,1699437735
1,33.5056,8.06756,0,0,1699437735
1,33.468,13.1491,0,0,1699437735
1,34.8527,8.03007,0,0,1699437735
1,39.2109,4.88605,0,0,1699437735
1,42.2014,4.21027,0,0,1699437735
1,40.2604,5.28792,0,0,1699437735
1,38.5146,7.85063,0,0,1699437735
1,41.0925,10.2627,0,0,1699437735
1,43.7802,11.6989,0,0,1699437735
1,43.1762,12.0211,0,0,1699437735
1,41.7904,11.2068,0,0,1699437735
1,39.5283,8.92182,0,0,1699437735
1,35.2271,6.15564,0,0,1699437735
1,34.2823,6.29802,0,0,1699437735
1,37.726,8.64391,0,0,1699437735
1,39.9083,9.70119,0,0,1699437735
1,41.4917,9.45087,0,0,1699437735
1,44.9692,8.22179,0,0,1699437735
1,45.854,6.89551,0,0,1699437735
1,43.2279,8.17608,0,0,1699437735
1,41.7985,10.3249,0,0,1699437735
1,39.5396,8.80174,0,0,1699437735
1,33.6511,6.34069,0,0,1699437735
1,28.2826,8.76796,0,0,1699437735
1,28.3681,13.3512,0,0,1699437735
1,33.8891,8.06756,0,0,1699437735
1,39.5322,13.0284,0,0,1699437735
1,41.7672,8.56461,0,0,1699437735
1,38.9128,7.31887,0,0,1699437735
1,31.9427,10.4863,0,0,1699437735
1,28.6258,10.9615,0,0,1699437735
1,30.8196,8.36824,0,0,1699437735
1,33.7588,8.86324,0,0,1699437735
1,37.4403,13.2946,0,0,1699437735
1,42.0619,8.06756,0,0,1699437735
1,45.1842,11.1713,0,0,1699437735
1,46.0726,7.98403,0,0,1699437735
1,44.711,8.57924,0,0,1699437735
1,41.8913,11.6259,0,0,1699437735
1,41.3438,13.748,0,0,1699437735
1,44.927,12.862,0,0,1699437735
1,49.5437,11.9687,0,0,1699437735
1,50.941,11.3302,0,0,1699437735
1,47.3319,9.95551,0,0,1699437735
1,42.9888,8.90641,0,0,1699437735
1,44.6764,8.28326,0,0,1699437735
1,48.9108,8.43291,0,0,1699437735
1,45.6455,8.09608,0,0,1699437735
1,38.4035,5.52991,0,0,1699437735
1,37.943,4.01606,0,0,1699437735
1,41.0024,5.54823,0,0,1699437735
1,40.0981,7.3379,0,0,1699437735
1,36.8654,9.56441,0,0,1699437735
1,34.0541,12.4167,0,0,1699437735
1,33.1432,13.8114,0,0,1699437735
1,36.1417,12.9214,0,0,1699437735
1,41.9255,11.1392,0,0,1699437735
1,45.7454,11.0552,0,0,1699437735
1,42.717,11.3731,0,0,1699437735
1,34.6301,12.2738,0,0,1699437735
1,29.9507,14.5461,0,0,1699437735
1,31.3377,13.0839,0,0,1699437735
1,33.6029,7.77267,0,0,1699437735
1,34.2275,4.59086,0,0,1699437735
1,34.9617,5.52839,0,0,1699437735
1,36.3848,7.66071,0,0,1699437735
1,35.3095,7.39866,0,0,1699437735
1,31.4042,6.88437,0,0,1699437735
1,29.7748,10.2923,0,0,1699437735
1,30.869,12.6175,0,0,1699437735
1,32.2893,9.35776,0,0,1699437735
1,34.6121,6.34359,0,0,1699437735
1,36.6464,6.74967,0,0,1699437735
1,36.9221,7.69715,0,0,1699437735
1,39.0821,7.32438,0,0,1699437735
1,44.2084,5.98477,0,0,1699437735
1,44.5332,6.68711,0,0,1699437735
1,36.746,9.50448,0,0,1699437735
1,29.0921,9.61338,0,0,1699437735
1,29.9418,8.11328,0,0,1699437735
1,36.3621,9.38607,0,0,1699437735
1,38.7782,11.0837,0,0,1699437735
1,38.0942,10.0923,0,0,1699437735
1,43.5087,7.28181,0,0,1699437735
1,49.6228,5.10834,0,0,1699437735
1,44.4333,5.22467,0,0,1699437735
1,36.8563,6.47989,0,0,1699437735
1,37.7344,7.05955,0,0,1699437735
1,40.1278,8.25294,0,0,1699437735
1,39.2592,10.3221,0,0,1699437735
1,36.9908,9.45194,0,0,1699437735
1,34.7237,8.27099,0,0,1699437735
1,35.1148,10.0554,0,0,1699437735
1,38.0047,9.02272,0,0,1699437735
1,39.8077,5.49325,0,0,1699437735
1,39.8406,4.42929,0,0,1699437735
1,41.8855,5.43285,0,0,1699437735
1,45.0957,8.29275,0,0,1699437735
1,42.7191,8.06756,0,0,1699437735
1,36.8172,8.06756,0,0,1699437735
1,34.6505,8.06756,0,0,1699437735
1,36.3593,14.7891,0,0,1699437735
1,38.3655,11.6697,0,0,1699437735
1,37.2432,12.4599,0,0,1699437735
1,36.6585,13.5437,0,0,1699437735
1,40.8165,8.06756,0,0,1699437735
1,43.5754,14.5204,0,0,1699437735
1,41.9518,9.96471,0,0,1699437735
1,42.0741,5.50553,0,0,1699437735
1,46.2478,3.66129,0,0,1699437735
1,47.1836,3.53764,0,0,1699437735
1,42.1948,4.07867,0,0,1699437735
1,38.8097,4.25157,0,0,1699437735
1,38.2345,6.14698,0,0,1699437735
1,35.5916,11.5967,0,0,1699437735
1,34.5083,14.0511,0,0,1699437735
1,40.3701,8.98635,0,0,1699437735
1,46.0163,4.59912,0,0,1699437735
1,43.2721,8.01844,0,0,1699437735
1,37.1383,13.4311,0,0,1699437735
1,33.6116,8.06756,0,0,1699437735
1,32.4956,8.06756,0,0,1699437735
1,35.129,8.06756,0,0,1699437735
1,39.8694,8.06756,0,0,1699437735
1,41.1448,11.5708,0,0,1699437735
1,40.5455,11.626,0,0,1699437735
1,41.4076,13.7082,0,0,1699437735
1,40.3553,12.6648,0,0,1699437735
1,37.0531,7.80232,0,0,1699437735
1,35.9623,4.49052,0,0,1699437735
1,37.5997,4.42453,0,0,1699437735
1,38.8141,5.01425,0,0,1699437735
1,38.5218,6.3773,0,0,1699437735
1,38.7151,7.84339,0,0,1699437735
1,39.9591,6.72909,0,0,1699437735
1,39.4839,4.65112,0,0,1699437735
1,35.7795,4.10318,0,0,1699437735
1,31.9469,4.84481,0,0,1699437735
1,30.3447,6.5733,0,0,1699437735
1,30.2165,8.00462,0,0,1699437735
1,31.6353,10.0476,0,0,1699437735
1,32.4414,12.4786,0,0,1699437735
1,29.8915,11.4012,0,0,1699437735
1,28.4437,9.0256,0,0,1699437735
1,32.0626,10.507,0,0,1699437735
1,37.1949,13.7045,0,0,1699437735
1,39.083,12.7454,0,0,1699437735
1,37.3027,9.19798,0,0,1699437735
1,33.6038,11.5035,0,0,1699437735
1,30.3917,8.06756,0,0,1699437735
1,31.2414,8.06756,0,0,1699437735
1,35.6955,8.06756,0,0,1699437735
1,40.5046,8.06756,0,0,1699437735
1,43.3741,8.06756,0,0,1699437735
1,42.0728,12.9831,0,0,1699437735
1,40.8476,11.7487,0,0,1699437735
1,42.0752,13.1735,0,0,1699437735
1,40.6121,14.4178,0,0,1699437735
1,36.4033,8.06756,0,0,1699437735
1,31.95,8.06756,0,0,1699437735
1,31.7132,8.06756,0,0,1699437735
1,38.2606,10.0902,0,0,1699437735
1,43.1152,11.3515,0,0,1699437735
1,40.3985,13.3805,0,0,1699437735
1,36.0691,9.00229,0,0,1699437735
1,36.1419,3.93072,0,0,1699437735
1,39.6901,4.18462,0,0,1699437735
1,42.9444,8.46162,0,0,1699437735
1,42.0047,14.1125,0,0,1699437735
1,37.0075,8.06756,0,0,1699437735
1,33.0387,13.2081,0,0,1699437735
1,33.2035,6.99022,0,0,1699437735
1,36.5003,4.44992,0,0,1699437735
1,39.1107,3.46611,0,0,1699437735
1,40.3998,2.81449,0,0,1699437735
1,41.6657,4.31045,0,0,1699437735
1,41.1751,5.88765,0,0,1699437735
1,40.3801,7.17142,0,0,1699437735
1,40.4808,9.63293,0,0,1699437735
1,39.5152,10.7601,0,0,1699437735
1,37.8639,8.79997,0,0,1699437735
1,35.472,6.36259,0,0,1699437735
1,32.5501,5.94598,0,0,1699437735
1,31.6348,6.62449,0,0,1699437735
1,33.0842,7.91023,0,0,1699437735
1,36.3484,10.2533,0,0,1699437735
1,41.4311,10.4226,0,0,1699437735
1,44.8869,8.57512,0,0,1699437735
1,42.6168,10.1135,0,0,1699437735
1,38.4167,13.5241,0,0,1699437735
1,38.4723,13.8324,0,0,1699437735
1,40.0554,11.3874,0,0,1699437735
1,38.4935,9.40295,0,0,1699437735
1,35.8623,9.55357,0,0,1699437735
1,35.1652,8.67335,0,0,1699437735
1,36.7521,7.03086,0,0,1699437735
1,38.8096,9.01842,0,0,1699437735
1,38.2588,11.2323,0,0,1699437735
1,34.9869,11.6304,0,0,1699437735
1,31.5528,12.2554,0,0,1699437735
1,29.1618,10.2371,0,0,1699437735
1,30.2228,6.41484,0,0,1699437735
1,35.5595,4.00722,0,0,1699437735
1,39.5832,4.607,0,0,1699437735
1,40.5484,9.72531,0,0,1699437735
1,42.2668,12.6343,0,0,1699437735
1,43.4467,9.18906,0,0,1699437735
1,41.663,7.49446,0,0,1699437735
1,39.2578,10.3929,0,0,1699437735
1,37.455,11.4244,0,0,1699437735
1,35.2299,9.41067,0,0,1699437735
1,32.585,9.60061,0,0,1699437735
1,32.095,13.2561,0,0,1699437735
1,35.5312,8.06756,0,0,1699437735
1,39.073,12.2891,0,0,1699437735
1,42.777,10.6727,0,0,1699437735
1,49.0721,11.4597,0,0,1699437735
1,49.8139,9.92974,0,0,1699437735
1,43.7859,7.3927,0,0,1699437735
1,40.0173,7.31214,0,0,1699437735
1,38.1803,7.16836,0,0,1699437735
1,37.186,5.40677,0,0,1699437735
1,37.8569,4.69909,0,0,1699437735
1,37.1597,5.79883,0,0,1699437735
1,37.9465,6.46032,0,0,1699437735
1,40.2896,6.94644,0,0,1699437735
1,37.6013,9.50107,0,0,1699437735
1,33.558,11.5698,0,0,1699437735
1,34.4236,10.0966,0,0,1699437735
1,36.4069,7.47644,0,0,1699437735
1,36.1666,5.49083,0,0,1699437735
1,34.8573,4.72003,0,0,1699437735
1,34.3961,6.57399,0,0,1699437735
1,36.4156,9.35863,0,0,1699437735
1,39.1732,11.4432,0,0,1699437735
1,43.233,13.5349,0,0,1699437735
1,48.4307,8.06756,0,0,1699437735
1,48.0429,8.06756,0,0,1699437735
1,41.3889,8.06756,0,0,1699437735
1,36.0362,13.43,0,0,1699437735
1,36.4307,10.9506,0,0,1699437735
1,38.3001,9.67294,0,0,1699437735
1,38.6357,8.78113,0,0,1699437735
1,40.9007,8.48214,0,0,1699437735
1,41.7938,6.98975,0,0,1699437735
1,41.1947,5.58106,0,0,1699437735
1,46.4966,7.63985,0,0,1699437735
1,49.276,9.88497,0,0,1699437735
1,42.6647,11.3979,0,0,1699437735
1,38.3812,8.06756,0,0,1699437735
1,37.7484,8.06756,0,0,1699437735
1,33.8676,8.06756,0,0,1699437735
1,29.6203,8.06756,0,0,1699437735
1,28.4834,8.06756,0,0,1699437735
1,32.0787,11.3018,0,0,1699437735
1,36.8545,8.42202,0,0,1699437735
1,38.3143,7.92425,0,0,1699437735
1,38.9352,9.90064,0,0,1699437735
1,37.6893,12.8029,0,0,1699437735
1,33.0515,8.06756,0,0,1699437735
1,29.8786,8.06756,0,0,1699437735
1,30.657,13.5603,0,0,1699437735
1,32.85,12.5162,0,0,1699437735
1,33.8527,12.9601,0,0,1699437735
1,33.2689,11.1633,0,0,1699437735
1,33.2367,6.00693,0,0,1699437735
1,36.0128,5.29451,0,0,1699437735
1,39.2361,11.1977,0,0,1699437735
1,39.8975,8.06756,0,0,1699437735
1,38.4725,8.06756,0,0,1699437735
1,34.0869,12.1271,0,0,1699437735
1,29.3083,8.17575,0,0,1699437735
1,31.3884,6.58524,0,0,1699437735
1,38.7103,7.50636,0,0,1699437735
1,45.0812,6.96643,0,0,1699437735
1,48.4422,6.96056,0,0,1699437735
1,46.2528,8.9744,0,0,1699437735
1,40.9433,8.02173,0,0,1699437735
1,39.5279,7.64492,0,0,1699437735
1,39.4406,13.3267,0,0,1699437735
1,35.1037,8.06756,0,0,1699437735
1,32.127,12.4945,0,0,1699437735
1,33.9899,9.27586,0,0,1699437735
1,35.5395,9.34738,0,0,1699437735
1,36.8705,9.55402,0,0,1699437735
1,41.5515,9.51855,0,0,1699437735
1,48.0682,9.07294,0,0,1699437735
1,50.2553,7.28555,0,0,1699437735
1,46.1889,4.8608,0,0,1699437735
1,41.3106,3.42322,0,0,1699437735
1,38.0754,2.92819,0,0,1699437735
1,36.3356,4.04116,0,0,1699437735
1,36.6402,8.3851,0,0,1699437735
1,38.3161,12.5034,0,0,1699437735
1,40.3892,11.4228,0,0,1699437735
1,42.1451,8.42366,0,0,1699437735
1,44.4041,9.67942,0,0,1699437735
1,45.2095,12.6424,0,0,1699437735
1,42.2887,11.875,0,0,1699437735
1,39.8909,7.85326,0,0,1699437735
1,38.8014,4.25621,0,0,1699437735
1,37.4381,3.30884,0,0,1699437735
1,39.8599,5.40422,0,0,1699437735
1,45.4908,9.86112,0,0,1699437735
1,48.2805,13.0272,0,0,1699437735
1,48.3342,12.6083,0,0,1699437735
1,48.3724,11.8313,0,0,1699437735
1,46.3521,12.4376,0,0,1699437735
1,41.5919,12.7326,0,0,1699437735
1,37.2144,10.7039,0,0,1699437735
1,36.1484,6.03792,0,0,1699437735
1,38.3017,3.51366,0,0,1699437735
1,39.0862,5.32251,0,0,1699437735
1,37.2026,7.67372,0,0,1699437735
1,38.1978,9.60447,0,0,1699437735
1,42.918,9.88569,0,0,1699437735
1,45.2699,7.31566,0,0,1699437735
1,42.0656,5.03813,0,0,1699437735
1,34.8074,4.07069,0,0,1699437735
1,30.9633,5.23756,0,0,1699437735
1,35.6203,8.7067,0,0,1699437735
1,38.8464,12.1585,0,0,1699437735
1,35.628,8.06756,0,0,1699437735
1,33.0813,8.06756,0,0,1699437735
1,32.2835,10.5582,0,0,1699437735
1,35.4396,6.98006,0,0,1699437735
1,43.0203,4.8849,0,0,1699437735
1,43.5842,5.12479,0,0,1699437735
1,36.0331,9.92745,0,0,1699437735
1,32.5502,14.7065,0,0,1699437735
1,34.9236,14.4624,0,0,1699437735
1,36.229,13.069,0,0,1699437735
1,36.1049,14.702,0,0,1699437735
1,37.4424,14.6293,0,0,1699437735
1,39.3275,10.4017,0,0,1699437735
1,42.5715,6.32034,0,0,1699437735
1,46.7265,6.40922,0,0,1699437735
1,47.3407,9.49056,0,0,1699437735
1,45.2277,10.1434,0,0,1699437735
1,41.3186,8.96541,0,0,1699437735
1,35.3384,8.44444,0,0,1699437735
1,32.5086,8.29514,0,0,1699437735
1,34.2832,10.5369,0,0,1699437735
1,36.9862,13.3814,0,0,1699437735
1,38.8534,13.5046,0,0,1699437735
1,40.7844,12.7608,0,0,1699437735
1,43.5302,13.6518,0,0,1699437735
1,43.3297,13.7646,0,0,1699437735
1,39.5125,11.4585,0,0,1699437735
1,36.6459,10.4438,0,0,1699437735
1,35.0145,10.1044,0,0,1699437735
1,34.1651,8.54723,0,0,1699437735
1,34.3286,8.6618,0,0,1699437735
1,34.1308,9.45069,0,0,1699437735
1,35.6434,8.23563,0,0,1699437735
1,38.973,6.86878,0,0,1699437735
1,40.5953,7.14623,0,0,1699437735
1,40.2026,7.30597,0,0,1699437735
1,39.1096,5.15317,0,0,1699437735
1,38.2414,2.06583,0,0,1699437735
1,36.3069,8.06756,0,0,1699437735
1,31.9732,4.09297,0,0,1699437735
1,29.0867,8.33984,0,0,1699437735
1,30.8987,8.65578,0,0,1699437735
1,34.4959,7.5443,0,0,1699437735
1,37.4908,9.49589,0,0,1699437735
1,40.6404,10.1528,0,0,1699437735
1,41.5505,9.69208,0,0,1699437735
1,37.8765,12.9615,0,0,1699437735
1,34.3676,14.083,0,0,1699437735
1,34.3526,9.24002,0,0,1699437735
1,35.2465,6.78461,0,0,1699437735
1,36.8987,9.71003,0,0,1699437735
1,39.0547,10.6375,0,0,1699437735
1,39.4748,6.44599,0,0,1699437735
1,41.747,4.59691,0,0,1699437735
1,46.1462,8.08902,0,0,1699437735
1,45.7321,9.30353,0,0,1699437735
1,41.3623,6.54397,0,0,1699437735
1,37.5594,6.19033,0,0,1699437735
1,34.8353,11.746,0,0,1699437735
1,35.4762,8.06756,0,0,1699437735
1,39.2811,13.1673,0,0,1699437735
1,42.8276,7.5507,0,0,1699437735
1,43.7698,6.19397,0,0,1699437735
1,41.2205,6.77516,0,0,1699437735
1,39.6481,8.12311,0,0,1699437735
1,40.274,8.73699,0,0,1699437735
1,38.0843,6.53147,0,0,1699437735
1,35.9963,3.86687,0,0,1699437735
1,37.3861,3.63736,0,0,1699437735
1,37.1784,4.99907,0,0,1699437735
1,36.6388,7.28656,0,0,1699437735
1,38.4954,10.2683,0,0,1699437735
1,37.4368,10.922,0,0,1699437735
1,36.9503,7.68637,0,0,1699437735
1,44.2325,6.62977,0,0,1699437735
1,49.1245,11.5266,0,0,1699437735
1,42.1738,14.3181,0,0,1699437735
1,33.9054,11.3234,0,0,1699437735
1,33.4061,7.9275,0,0,1699437735
1,36.2392,5.32959,0,0,1699437735
1,38.7495,3.24153,0,0,1699437735
1,41.6489,2.73254,0,0,1699437735
1,43.7032,3.27927,0,0,1699437735
1,43.2619,3.64654,0,0,1699437735
1,40.8488,5.29782,0,0,1699437735
1,37.2749,9.29578,0,0,1699437735
1,34.7641,10.7768,0,0,1699437735
1,35.6497,9.5991,0,0,1699437735
1,36.872,10.9042,0,0,1699437735
1,34.9748,12.8879,0,0,1699437735
1,33.1573,11.3165,0,0,1699437735
1,36.541,7.50121,0,0,1699437735
1,42.6354,6.14173,0,0,1699437735
1,43.892,7.28759,0,0,1699437735
1,42.1396,8.69163,0,0,1699437735
1,42.9239,10.6986,0,0,1699437735
1,42.4091,10.6855,0,0,1699437735
1,39.6395,9.42305,0,0,1699437735
1,37.7822,9.60572,0,0,1699437735
1,34.6709,8.10436,0,0,1699437735
1,33.038,5.3585,0,0,1699437735
1,36.8905,4.13889,0,0,1699437735
1,40.8901,4.80999,0,0,1699437735
1,40.2727,8.22833,0,0,1699437735
1,38.6491,12.0624,0,0,1699437735
1,39.7492,13.0306,0,0,1699437735
1,39.4942,12.9839,0,0,1699437735
1,36.1045,8.06756,0,0,1699437735
1,35.6485,8.06756,0,0,1699437735
1,36.3196,8.06756,0,0,1699437735